           1   0.00000000       0.00000000      0.100000001       0.00000000      0.100000001       0.00000000    
           2   9.99999978E-03   9.45291657E-04   8.86187553E-02   9.45372914E-04   8.86428580E-02   1.89066457E-03
           3   1.99999996E-02   1.76476897E-03   7.49585256E-02   1.76539877E-03   7.50509277E-02   3.53016774E-03
           4   2.99999993E-02   2.43931497E-03   5.97544238E-02   2.44136923E-03   5.99524789E-02   4.88068443E-03
           5   3.99999991E-02   2.95713032E-03   4.37301695E-02   2.96182069E-03   4.40635905E-02   5.91895077E-03
           6   4.99999970E-02   3.31348460E-03   2.75717266E-02   3.32227955E-03   2.80621704E-02   6.63576415E-03
           7   5.99999949E-02   3.51022277E-03   1.19048823E-02   3.52476700E-03   1.25658493E-02   7.03499001E-03
           8   6.99999928E-02   3.55506991E-03  -2.72277929E-03   3.57710267E-03  -1.88570563E-03   7.13217258E-03
           9   7.99999908E-02   3.46077816E-03  -1.58552043E-02   3.49205732E-03  -1.48438448E-02   6.95283525E-03
          10   8.99999887E-02   3.24416487E-03  -2.71364637E-02   3.28639615E-03  -2.59592980E-02   6.53056102E-03
          11   9.99999866E-02   2.92508770E-03  -3.63147222E-02   2.97986250E-03  -3.49859670E-02   5.90495020E-03
          12  0.109999985       2.52540223E-03  -4.32418957E-02   2.59414548E-03  -4.17804420E-02   5.11954771E-03
          13  0.119999982       2.06794217E-03  -4.78693955E-02   2.15187087E-03  -4.62976769E-02   4.21981327E-03
          14  0.129999980       1.57555984E-03  -5.02404943E-02   1.67565432E-03  -4.85833324E-02   3.25121405E-03
          15  0.139999986       1.07025867E-03  -5.04799522E-02   1.18724350E-03  -4.87634130E-02   2.25750217E-03
          16  0.149999991       5.72437770E-04  -4.87815291E-02   7.06775230E-04  -4.70318422E-02   1.27921300E-03
          17  0.159999996       1.00271543E-04  -4.53940630E-02   2.52165046E-04  -4.36366424E-02   3.52436589E-04
          18  0.170000002      -3.30768322E-04  -4.06067967E-02  -1.61361764E-04  -3.88653763E-02  -4.92130057E-04
          19  0.180000007      -7.08242645E-04  -3.47345471E-02  -5.21592097E-04  -3.30304727E-02  -1.22983474E-03
          20  0.190000013      -1.02292816E-03  -2.81033386E-02  -8.19501583E-04  -2.64550112E-02  -1.84242975E-03
          21  0.200000018      -1.26886123E-03  -2.10369658E-02  -1.04929437E-03  -1.94594506E-02  -2.31815549E-03
          22  0.210000023      -1.44325406E-03  -1.38449203E-02  -1.20831549E-03  -1.23497155E-02  -2.65156943E-03
          23  0.220000029      -1.54629815E-03  -6.81201136E-03  -1.29685341E-03  -5.40698133E-03  -2.84315157E-03
          24  0.230000034      -1.58087374E-03  -1.89907849E-04  -1.31784892E-03   1.12064555E-03  -2.89872265E-03
          25  0.240000039      -1.55218446E-03   5.80925262E-03  -1.27653161E-03   7.02439016E-03  -2.82871607E-03
          26  0.250000030      -1.46733876E-03   1.10171549E-02  -1.18000398E-03   1.21389879E-02  -2.64734263E-03
          27  0.260000020      -1.33489934E-03   1.53115168E-02  -1.03679381E-03   1.63448136E-02  -2.37169303E-03
          28  0.270000011      -1.16441958E-03   1.86163522E-02  -8.56395462E-04   1.95680801E-02  -2.02081492E-03
          29  0.280000001      -9.65986867E-04   2.09004432E-02  -6.48817688E-04   2.17792727E-02  -1.61480461E-03
          30  0.289999992      -7.49789295E-04   2.21742690E-02  -4.24155500E-04   2.29900591E-02  -1.17394479E-03
          31  0.299999982      -5.25719312E-04   2.24856380E-02  -1.92199062E-04   2.32489258E-02  -7.17918389E-04
          32  0.309999973      -3.03026871E-04   2.19143238E-02   3.79085686E-05   2.26358362E-02  -2.65118317E-04
          33  0.319999963      -9.00292216E-05   2.05659941E-02   2.57956330E-04   2.12562066E-02   1.67927108E-04
          34  0.329999954       1.06115462E-04   1.85657423E-02   4.60887968E-04   1.92344766E-02   5.67003444E-04
          35  0.339999944       2.79569620E-04   1.60514880E-02   6.40959421E-04   1.67075880E-02   9.20529012E-04
          36  0.349999934       4.25911974E-04   1.31675284E-02   7.93831889E-04   1.38185946E-02   1.21974386E-03
          37  0.359999925       5.42170543E-04   1.00584552E-02   9.16602265E-04   1.07106538E-02   1.45877281E-03
          38  0.369999915       6.26797439E-04   6.86363969E-03   1.00777671E-03   7.52159022E-03   1.63457415E-03
          39  0.379999906       6.79592136E-04   3.71244643E-03   1.06719288E-03   4.37917095E-03   1.74678501E-03
          40  0.389999896       7.01580779E-04   7.20272539E-04   1.09589926E-03   1.39721739E-03   1.79748004E-03
          41  0.399999887       6.94860646E-04  -2.01449730E-03   1.09600008E-03  -1.32738426E-03   1.79086067E-03
          42  0.409999877       6.62418548E-04  -4.41260636E-03   1.07047451E-03  -3.71674704E-03   1.73289306E-03
          43  0.419999868       6.07932918E-04  -6.41511101E-03   1.02298066E-03  -5.71313035E-03   1.63091358E-03
          44  0.429999858       5.35568455E-04  -7.98368733E-03   9.57651820E-04  -7.27921259E-03   1.49322022E-03
          45  0.439999849       4.49771789E-04  -9.10011772E-03   8.78894236E-04  -8.39756150E-03   1.32866600E-03
          46  0.449999839       3.55076045E-04  -9.76507273E-03   7.91193917E-04  -9.06940550E-03   1.14626996E-03
          47  0.459999830       2.55920575E-04  -9.99628752E-03   6.98938675E-04  -9.31280851E-03   9.54859250E-04
          48  0.469999820       1.56491500E-04  -9.82626341E-03   6.06260903E-04  -9.16038174E-03   7.62752374E-04
          49  0.479999810       6.05869791E-05  -9.29963216E-03   5.16904984E-04  -8.65666196E-03   5.77491941E-04
          50  0.489999801      -2.84899870E-05  -8.47030710E-03   4.34122019E-04  -7.85528775E-03   4.05632018E-04
          51  0.499999791      -1.08009714E-04  -7.39855506E-03   3.60593316E-04  -6.81609521E-03   2.52583588E-04
          52  0.509999812      -1.75864843E-04  -6.14810409E-03   2.98382831E-04  -5.60225965E-03   1.22517988E-04
          53  0.519999802      -2.30591089E-04  -4.78339847E-03   2.48917437E-04  -4.27757995E-03   1.83263473E-05
          54  0.529999793      -2.71361583E-04  -3.36708454E-03   2.12993415E-04  -2.90399743E-03  -5.83681685E-05
          55  0.539999783      -2.97957595E-04  -1.95780490E-03   1.90806095E-04  -1.53942208E-03  -1.07151500E-04
          56  0.549999774      -3.10718955E-04  -6.08354923E-04   1.81999581E-04  -2.35919259E-04  -1.28719374E-04
          57  0.559999764      -3.10477975E-04   6.35763630E-04   1.85732642E-04   9.61710815E-04  -1.24745333E-04
          58  0.569999754      -2.98481114E-04   1.73737470E-03   2.00756753E-04   2.01694155E-03  -9.77243617E-05
          59  0.579999745      -2.76302162E-04   2.66824663E-03   2.25502154E-04   2.90211989E-03  -5.08000085E-05
          60  0.589999735      -2.45751435E-04   3.40931141E-03   2.58167915E-04   3.59867094E-03   1.24164799E-05
          61  0.599999726      -2.08784593E-04   3.95051623E-03   2.96812243E-04   4.09693969E-03   8.80276493E-05
          62  0.609999716      -1.67414633E-04   4.29034745E-03   3.39439488E-04   4.39571030E-03   1.72024855E-04
          63  0.619999707      -1.23630030E-04   4.43507498E-03   3.84081010E-04   4.50144848E-03   2.60450994E-04
          64  0.629999697      -7.93216459E-05   4.39777365E-03   4.28867235E-04   4.42732638E-03   3.49545589E-04
          65  0.639999688      -3.62202736E-05   4.19718027E-03   4.72089130E-04   4.19208547E-03   4.35868860E-04
          66  0.649999678       4.15376780E-06   3.85644357E-03   5.12247789E-04   3.81879695E-03   5.16401546E-04
          67  0.659999669       4.05283099E-05   3.40182590E-03   5.48091310E-04   3.33357463E-03   5.88619616E-04
          68  0.669999659       7.19039672E-05   2.86141131E-03   5.78638806E-04   2.76429509E-03   6.50542788E-04
          69  0.679999650       9.75661023E-05   2.26386613E-03   6.03191787E-04   2.13937392E-03   7.00757897E-04
          70  0.689999640       1.17084841E-04   1.63729629E-03   6.21333893E-04   1.48663647E-03   7.38418719E-04
          71  0.699999630       1.30304281E-04   1.00823422E-03   6.32919837E-04   8.32319551E-04   7.63224089E-04
          72  0.709999621       1.37322335E-04   4.00782388E-04   6.38055149E-04   2.00227951E-04   7.75377499E-04
          73  0.719999611       1.38462870E-04  -1.64070283E-04   6.37068413E-04  -3.88937013E-04   7.75531284E-04
          74  0.729999602       1.34241898E-04  -6.68948167E-04   6.30477560E-04  -9.18066013E-04   7.64719443E-04
          75  0.739999592       1.25329752E-04  -1.10040442E-03   6.18952326E-04  -1.37394900E-03   7.44282093E-04
          76  0.749999583       1.12510948E-04  -1.44905737E-03   6.03274442E-04  -1.74740423E-03   7.15785369E-04
          77  0.759999573       9.66435473E-05  -1.70955912E-03   5.84297406E-04  -2.03324272E-03   6.80940924E-04
          78  0.769999564       7.86196179E-05  -1.88041525E-03   5.62907313E-04  -2.23008427E-03   6.41526945E-04
          79  0.779999554       5.93281584E-05  -1.96367432E-03   5.39986300E-04  -2.34004692E-03   5.99314459E-04
          80  0.789999545       3.96216637E-05  -1.96451321E-03   5.16379485E-04  -2.36833259E-03   5.56001149E-04
          81  0.799999535       2.02872470E-05  -1.89074315E-03   4.92866617E-04  -2.32273620E-03   5.13153849E-04
          82  0.809999526       2.02300544E-06  -1.75226247E-03   4.70138737E-04  -2.21310183E-03   4.72161744E-04
          83  0.819999516      -1.45799950E-05  -1.56048243E-03   4.48780629E-04  -2.05075392E-03   4.34200629E-04
          84  0.829999506      -2.90499556E-05  -1.32775062E-03   4.29258798E-04  -1.84792629E-03   4.00208839E-04
          85  0.839999497      -4.10408902E-05  -1.06679334E-03   4.11915127E-04  -1.61721068E-03   3.70874244E-04
          86  0.849999487      -5.03337942E-05  -7.90196471E-04   3.96966003E-04  -1.37104432E-03   3.46632209E-04
          87  0.859999478      -5.68328505E-05  -5.09941776E-04   3.84506129E-04  -1.12125208E-03   3.27673275E-04
          88  0.869999468      -6.05573623E-05  -2.37009546E-04   3.74516676E-04  -8.78655585E-04   3.13959317E-04
          89  0.879999459      -6.16300458E-05   1.89425482E-05   3.66876979E-04  -6.52757240E-04   3.05246940E-04
          90  0.889999449      -6.02625514E-05   2.49820121E-04   3.61378945E-04  -4.51505359E-04   3.01116379E-04
          91  0.899999440      -5.67389616E-05   4.49250219E-04   3.57743469E-04  -2.81139044E-04   3.01004504E-04
          92  0.909999430      -5.13981213E-05   6.12659380E-04   3.55637894E-04  -1.46114224E-04   3.04239773E-04
          93  0.919999421      -4.46155755E-05   7.37275928E-04   3.54693999E-04  -4.91030150E-05   3.10078438E-04
          94  0.929999411      -3.67858302E-05   8.22063652E-04   3.54525488E-04   8.93777542E-06   3.17739672E-04
          95  0.939999402      -2.83055779E-05   8.67595896E-04   3.54744552E-04   2.86407358E-05   3.26438982E-04
          96  0.949999392      -1.95584398E-05   8.75880767E-04   3.54976975E-04   1.20528130E-05   3.35418532E-04
          97  0.959999382      -1.09016601E-05   8.50148324E-04   3.54875199E-04  -3.75759737E-05   3.43973545E-04
          98  0.969999373      -2.65505969E-06   7.94611813E-04   3.54129181E-04  -1.16030264E-04   3.51474126E-04
          99  0.979999363       4.90753746E-06   7.14214286E-04   3.52474803E-04  -2.18380024E-04   3.57382349E-04
         100  0.989999354       1.15643106E-05   6.14371558E-04   3.49699811E-04  -3.39235994E-04   3.61264130E-04
         101  0.999999344       1.71489155E-05   5.00721799E-04   3.45647073E-04  -4.72996500E-04   3.62795981E-04
         102   1.00999939       2.15515083E-05   3.78890487E-04   3.40215542E-04  -6.14079996E-04   3.61767045E-04
         103   1.01999938       2.47175431E-05   2.54278188E-04   3.33359028E-04  -7.57134752E-04   3.58076562E-04
         104   1.02999938       2.66445768E-05   1.31877008E-04   3.25082918E-04  -8.97219172E-04   3.51727504E-04
         105   1.03999937       2.73774021E-05   1.61201824E-05   3.15439363E-04  -1.02994975E-03   3.42816755E-04
         106   1.04999936       2.70018572E-05  -8.92330136E-05   3.04521032E-04  -1.15161436E-03   3.31522897E-04
         107   1.05999935       2.56376588E-05  -1.81175710E-04   2.92454060E-04  -1.25924859E-03   3.18091712E-04
         108   1.06999934       2.34306408E-05  -2.57495907E-04   2.79390311E-04  -1.35067664E-03   3.02820961E-04
         109   1.07999933       2.05447323E-05  -3.16784804E-04   2.65499402E-04  -1.42451795E-03   2.86044145E-04
         110   1.08999932       1.71540214E-05  -3.58413788E-04   2.50960846E-04  -1.48016459E-03   2.68114876E-04
         111   1.09999931       1.34351785E-05  -3.82484024E-04   2.35956599E-04  -1.51772995E-03   2.49391771E-04
         112   1.10999930       9.56051372E-06  -3.89753201E-04   2.20664166E-04  -1.53797539E-03   2.30224687E-04
         113   1.11999929       5.69185113E-06  -3.81544320E-04   2.05250588E-04  -1.54221919E-03   2.10942439E-04
         114   1.12999928       1.97538679E-06  -3.59641650E-04   1.89867336E-04  -1.53223390E-03   1.91842730E-04
         115   1.13999927      -1.46236766E-06  -3.26179201E-04   1.74646368E-04  -1.51013548E-03   1.73184002E-04
         116   1.14999926      -4.51751293E-06  -2.83526490E-04   1.59697243E-04  -1.47826958E-03   1.55179732E-04
         117   1.15999925      -7.11055236E-06  -2.34176157E-04   1.45105354E-04  -1.43910071E-03   1.37994808E-04
         118   1.16999924      -9.18708520E-06  -1.80637799E-04   1.30931308E-04  -1.39510760E-03   1.21744226E-04
         119   1.17999923      -1.07174819E-05  -1.25341059E-04   1.17211268E-04  -1.34868745E-03   1.06493782E-04
         120   1.18999922      -1.16956517E-05  -7.05510902E-05   1.03958162E-04  -1.30207243E-03   9.22625113E-05
         121   1.19999921      -1.21370340E-05  -1.82982876E-05   9.11637471E-05  -1.25726021E-03   7.90267150E-05
         122   1.20999920      -1.20759642E-05   2.96764338E-05   7.88011748E-05  -1.21596083E-03   6.67252098E-05
         123   1.21999919      -1.15625708E-05   7.19601230E-05   6.68281136E-05  -1.17955962E-03   5.52655438E-05
         124   1.22999918      -1.06593725E-05   1.07490167E-04   5.51901030E-05  -1.14909443E-03   4.45307305E-05
         125   1.23999918      -9.43772829E-06   1.35561306E-04   4.38240677E-05  -1.12524920E-03   3.43863394E-05
         126   1.24999917      -7.97428766E-06   1.55818358E-04   3.26618356E-05  -1.10836257E-03   2.46875479E-05
         127   1.25999916      -6.34757907E-06   1.68236395E-04   2.16334956E-05  -1.09844748E-03   1.52859175E-05
         128   1.26999915      -4.63485230E-06   1.73090244E-04   1.06705165E-05  -1.09522138E-03   6.03566423E-06
         129   1.27999914      -2.90926937E-06   1.70915562E-04  -2.91489414E-07  -1.09814468E-03  -3.20075878E-06
         130   1.28999913      -1.23751840E-06   1.62463664E-04  -1.13104206E-05  -1.10646675E-03  -1.25479391E-05
         131   1.29999912       3.22100504E-07   1.48652529E-04  -2.24358118E-05  -1.11927430E-03  -2.21137107E-05
         132   1.30999911       1.72108923E-06   1.30516099E-04  -3.37074598E-05  -1.13554066E-03  -3.19863721E-05
         133   1.31999910       2.92165851E-06   1.09154011E-04  -4.51545311E-05  -1.15417619E-03  -4.22328740E-05
         134   1.32999909       3.89714296E-06   8.56836414E-05  -5.67951902E-05  -1.17407588E-03  -5.28980454E-05
         135   1.33999908       4.63195329E-06   6.11960277E-05  -6.86366548E-05  -1.19416288E-03  -6.40047001E-05
         136   1.34999907       5.12111455E-06   3.67169632E-05  -8.06756725E-05  -1.21342624E-03  -7.55545552E-05
         137   1.35999906       5.36944481E-06   1.31743273E-05  -9.28993541E-05  -1.23095338E-03  -8.75299083E-05
         138   1.36999905       5.39044004E-06  -8.62784145E-06  -1.05286286E-04  -1.24595570E-03  -9.98958494E-05
         139   1.37999904       5.20493631E-06  -2.80280365E-05  -1.17807860E-04  -1.25778711E-03  -1.12602924E-04
         140   1.38999903       4.83962094E-06  -4.45188271E-05  -1.30429777E-04  -1.26595458E-03  -1.25590159E-04
         141   1.39999902       4.32546403E-06  -5.77514402E-05  -1.43113575E-04  -1.27012236E-03  -1.38788106E-04
         142   1.40999901       3.69613508E-06  -6.75339033E-05  -1.55818241E-04  -1.27011095E-03  -1.52122113E-04
         143   1.41999900       2.98646887E-06  -7.38234012E-05  -1.68501720E-04  -1.26588880E-03  -1.65515245E-04
         144   1.42999899       2.23103325E-06  -7.67137099E-05  -1.81122305E-04  -1.25755928E-03  -1.78891278E-04
         145   1.43999898       1.46284310E-06  -7.64186407E-05  -1.93639935E-04  -1.24534452E-03  -1.92177089E-04
         146   1.44999897       7.12255599E-07  -7.32525004E-05  -2.06017299E-04  -1.22956594E-03  -2.05305041E-04
         147   1.45999897       6.07116135E-09  -6.76086056E-05  -2.18220695E-04  -1.21062365E-03  -2.18214627E-04
         148   1.46999896      -6.33144396E-07  -5.99368577E-05  -2.30220729E-04  -1.18897308E-03  -2.30853868E-04
         149   1.47999895      -1.18751336E-06  -5.07212681E-05  -2.41992748E-04  -1.16510282E-03  -2.43180257E-04
         150   1.48999894      -1.64407811E-06  -4.04583661E-05  -2.53517064E-04  -1.13951392E-03  -2.55161140E-04
         151   1.49999893      -1.99482429E-06  -2.96371654E-05  -2.64778966E-04  -1.11270021E-03  -2.66773801E-04
         152   1.50999892      -2.23651500E-06  -1.87213227E-05  -2.75768572E-04  -1.08512992E-03  -2.78005085E-04
         153   1.51999891      -2.37035874E-06  -8.13396673E-06  -2.86480499E-04  -1.05723087E-03  -2.88850861E-04
         154   1.52999890      -2.40154009E-06   1.75450168E-06  -2.96913378E-04  -1.02937897E-03  -2.99314910E-04
         155   1.53999889      -2.33864534E-06   1.06354400E-05  -3.07069306E-04  -1.00188958E-03  -3.09407944E-04
         156   1.54999888      -2.19301251E-06   1.82678014E-05  -3.16953228E-04  -9.75010800E-04  -3.19146231E-04
         157   1.55999887      -1.97804002E-06   2.44808434E-05  -3.26572190E-04  -9.48921370E-04  -3.28550232E-04
         158   1.56999886      -1.70848148E-06   2.91739161E-05  -3.35934688E-04  -9.23731306E-04  -3.37643170E-04
         159   1.57999885      -1.39975759E-06   3.23136119E-05  -3.45049979E-04  -8.99484730E-04  -3.46449728E-04
         160   1.58999884      -1.06730772E-06   3.39286344E-05  -3.53927491E-04  -8.76164588E-04  -3.54994787E-04
         161   1.59999883      -7.26001872E-07   3.41027990E-05  -3.62576160E-04  -8.53699399E-04  -3.63302155E-04
         162   1.60999882      -3.89631253E-07   3.29666073E-05  -3.71003960E-04  -8.31972691E-04  -3.71393602E-04
         163   1.61999881      -7.04872889E-08   3.06878574E-05  -3.79217585E-04  -8.10831669E-04  -3.79288074E-04
         164   1.62999880       2.20961681E-07   2.74617196E-05  -3.87221982E-04  -7.90096819E-04  -3.87001026E-04
         165   1.63999879       4.76294161E-07   2.35007392E-05  -3.95020237E-04  -7.69571983E-04  -3.94543953E-04
         166   1.64999878       6.89260162E-07   1.90251139E-05  -4.02613456E-04  -7.49054539E-04  -4.01924190E-04
         167   1.65999877       8.55811720E-07   1.42536101E-05  -4.10000706E-04  -7.28343555E-04  -4.09144908E-04
         168   1.66999876       9.74046998E-07   9.39540405E-06  -4.17179079E-04  -7.07248109E-04  -4.16205032E-04
         169   1.67999876       1.04407809E-06   4.64305640E-06  -4.24143829E-04  -6.85594161E-04  -4.23099758E-04
         170   1.68999875       1.06783523E-06   1.66784957E-07  -4.30888613E-04  -6.63230254E-04  -4.29820764E-04
         171   1.69999874       1.04882042E-06  -3.88986018E-06  -4.37405659E-04  -6.40032056E-04  -4.36356844E-04
         172   1.70999873       9.91825118E-07  -7.41291024E-06  -4.43686149E-04  -6.15904690E-04  -4.42694320E-04
         173   1.71999872       9.02625800E-07  -1.03194843E-05  -4.49720450E-04  -5.90784184E-04  -4.48817824E-04
         174   1.72999871       7.87670956E-07  -1.25579763E-05  -4.55498433E-04  -5.64638001E-04  -4.54710767E-04
         175   1.73999870       6.53772531E-07  -1.41070368E-05  -4.61009797E-04  -5.37463580E-04  -4.60356037E-04
         176   1.74999869       5.07812956E-07  -1.49735024E-05  -4.66244383E-04  -5.09286416E-04  -4.65736579E-04
         177   1.75999868       3.56477358E-07  -1.51894565E-05  -4.71192383E-04  -4.80157352E-04  -4.70835919E-04
         178   1.76999867       2.06018626E-07  -1.48086065E-05  -4.75844630E-04  -4.50148364E-04  -4.75638604E-04
         179   1.77999866       6.20613747E-08  -1.39021931E-05  -4.80192743E-04  -4.19349119E-04  -4.80130693E-04
         180   1.78999865      -7.05516499E-08  -1.25546139E-05  -4.84229327E-04  -3.87862296E-04  -4.84299875E-04
         181   1.79999864      -1.87868892E-07  -1.08589747E-05  -4.87948069E-04  -3.55799100E-04  -4.88135935E-04
         182   1.80999863      -2.86895130E-07  -8.91272430E-06  -4.91343788E-04  -3.23275250E-04  -4.91630693E-04
         183   1.81999862      -3.65614085E-07  -6.81354686E-06  -4.94412438E-04  -2.90406490E-04  -4.94778040E-04
         184   1.82999861      -4.22971709E-07  -4.65563244E-06  -4.97151166E-04  -2.57305219E-04  -4.97574161E-04
         185   1.83999860      -4.58824701E-07  -2.52643690E-06  -4.99558169E-04  -2.24077070E-04  -5.00017020E-04
         186   1.84999859      -4.73859217E-07  -5.04004220E-07  -5.01632632E-04  -1.90818275E-04  -5.02106501E-04
         187   1.85999858      -4.69485940E-07   1.34509821E-06  -5.03374729E-04  -1.57614340E-04  -5.03844232E-04
         188   1.86999857      -4.47717582E-07   2.96721373E-06  -5.04785392E-04  -1.24537415E-04  -5.05233125E-04
         189   1.87999856      -4.11035273E-07   4.32240222E-06  -5.05866134E-04  -9.16460558E-05  -5.06277196E-04
         190   1.88999856      -3.62249835E-07   5.38465156E-06  -5.06619108E-04  -5.89856172E-05  -5.06981334E-04
         191   1.89999855      -3.04363795E-07   6.14153805E-06  -5.07046760E-04  -2.65875351E-05  -5.07351127E-04
         192   1.90999854      -2.40439192E-07   6.59340458E-06  -5.07151824E-04   5.52903657E-06  -5.07392280E-04
         193   1.91999853      -1.73475826E-07   6.75213323E-06  -5.06937155E-04   3.73564508E-05  -5.07110613E-04
         194   1.92999852      -1.06303283E-07   6.63959690E-06  -5.06405660E-04   6.88967411E-05  -5.06511948E-04
         195   1.93999851      -4.14898409E-08   6.28587804E-06  -5.05560136E-04   1.00160192E-04  -5.05601638E-04
         196   1.94999850       1.87300984E-08   5.72734643E-06  -5.04403317E-04   1.31163120E-04  -5.04384574E-04
         197   1.95999849       7.25090530E-08   5.00468104E-06  -5.02937706E-04   1.61926364E-04  -5.02865179E-04
         198   1.96999848       1.18419663E-07   4.16091689E-06  -5.01165574E-04   1.92473002E-04  -5.01047180E-04
         199   1.97999847       1.55468939E-07   3.23958807E-06  -4.99088957E-04   2.22826638E-04  -4.98933485E-04
         200   1.98999846       1.83094528E-07   2.28302861E-06  -4.96709661E-04   2.53009377E-04  -4.96526540E-04
         201   1.99999845       2.01145127E-07   1.33088042E-06  -4.94029315E-04   2.83041270E-04  -4.93828149E-04
         202   2.00999856       2.09847073E-07   4.18846355E-07  -4.91049315E-04   3.12937802E-04  -4.90839477E-04
         203   2.01999855       2.09759847E-07  -4.22290327E-07  -4.87770973E-04   3.42710468E-04  -4.87561221E-04
         204   2.02999854       2.01723097E-07  -1.16736533E-06  -4.84195509E-04   3.72364506E-04  -4.83993790E-04
         205   2.03999853       1.86798189E-07  -1.79725316E-06  -4.80324088E-04   4.01899655E-04  -4.80137300E-04
         206   2.04999852       1.66206817E-07  -2.29901843E-06  -4.76157933E-04   4.31309309E-04  -4.75991721E-04
         207   2.05999851       1.41269368E-07  -2.66581719E-06  -4.71698353E-04   4.60581883E-04  -4.71557083E-04
         208   2.06999850       1.13345479E-07  -2.89657692E-06  -4.66946803E-04   4.89699654E-04  -4.66833444E-04
         209   2.07999849       8.37787013E-08  -2.99548833E-06  -4.61904972E-04   5.18639863E-04  -4.61821182E-04
         210   2.08999848       5.38470708E-08  -2.97134557E-06  -4.56574722E-04   5.47375763E-04  -4.56520880E-04
         211   2.09999847       2.47208369E-08  -2.83677400E-06  -4.50958265E-04   5.75876446E-04  -4.50933556E-04
         212   2.10999846      -2.57164956E-09  -2.60738716E-06  -4.45058104E-04   6.04109024E-04  -4.45060665E-04
         213   2.11999846      -2.71694738E-08  -2.30091018E-06  -4.38877119E-04   6.32038107E-04  -4.38904302E-04
         214   2.12999845      -4.83958686E-08  -1.93630558E-06  -4.32418514E-04   6.59627491E-04  -4.32466913E-04
         215   2.13999844      -6.57663719E-08  -1.53293695E-06  -4.25685867E-04   6.86841318E-04  -4.25751641E-04
         216   2.14999843      -7.89889043E-08  -1.10979602E-06  -4.18683107E-04   7.13644200E-04  -4.18762094E-04
         217   2.15999842      -8.79565434E-08  -6.84817110E-07  -4.11414512E-04   7.40001618E-04  -4.11502464E-04
         218   2.16999841      -9.27339698E-08  -2.74298031E-07  -4.03884682E-04   7.65881443E-04  -4.03977407E-04
         219   2.17999840      -9.35386666E-08   1.07563125E-07  -3.96098592E-04   7.91253347E-04  -3.96192132E-04
         220   2.18999839      -9.07181459E-08   4.49006393E-07  -3.88061424E-04   8.16090731E-04  -3.88152141E-04
         221   2.19999838      -8.47243768E-08   7.40924293E-07  -3.79778648E-04   8.40369088E-04  -3.79863370E-04
         222   2.20999837      -7.60867138E-08   9.76954766E-07  -3.71255999E-04   8.64066707E-04  -3.71332077E-04
         223   2.21999836      -6.53844339E-08   1.15346165E-06  -3.62499326E-04   8.87165952E-04  -3.62564722E-04
         224   2.22999835      -5.32200275E-08   1.26941279E-06  -3.53514741E-04   9.09651688E-04  -3.53567972E-04
         225   2.23999834      -4.01941165E-08   1.32617151E-06  -3.44308413E-04   9.31511284E-04  -3.44348606E-04
         226   2.24999833      -2.68828515E-08   1.32721732E-06  -3.34886659E-04   9.52734670E-04  -3.34913551E-04
         227   2.25999832      -1.38183855E-08   1.27781198E-06  -3.25255882E-04   9.73313290E-04  -3.25269706E-04
         228   2.26999831      -1.47287160E-09   1.18463061E-06  -3.15422571E-04   9.93241440E-04  -3.15424055E-04
         229   2.27999830       9.75374359E-09   1.05537401E-06  -3.05393245E-04   1.01251423E-03  -3.05383495E-04
         230   2.28999829       1.95420213E-08   8.98378744E-07  -2.95174483E-04   1.03112729E-03  -2.95154954E-04
         231   2.29999828       2.76574852E-08   7.22240372E-07  -2.84772919E-04   1.04907784E-03  -2.84745271E-04
         232   2.30999827       3.39514337E-08   5.35462846E-07  -2.74195161E-04   1.06636318E-03  -2.74161197E-04
         233   2.31999826       3.83584222E-08   3.46144475E-07  -2.63447902E-04   1.08298019E-03  -2.63409544E-04
         234   2.32999825       4.08908178E-08   1.61709337E-07  -2.52537808E-04   1.09892583E-03  -2.52496917E-04
         235   2.33999825       4.16309298E-08  -1.13102061E-08  -2.41471644E-04   1.11419579E-03  -2.41430011E-04
         236   2.34999824       4.07212326E-08  -1.67436440E-07  -2.30256177E-04   1.12878659E-03  -2.30215461E-04
         237   2.35999823       3.83532281E-08  -3.02353840E-07  -2.18898218E-04   1.14269310E-03  -2.18859859E-04
         238   2.36999822       3.47555229E-08  -4.12962123E-07  -2.07404635E-04   1.15590903E-03  -2.07369885E-04
         239   2.37999821       3.01816243E-08  -4.97378323E-07  -1.95782370E-04   1.16842834E-03  -1.95752189E-04
         240   2.38999820       2.48979468E-08  -5.54892210E-07  -1.84038421E-04   1.18024391E-03  -1.84013523E-04
         241   2.39999819       1.91724823E-08  -5.85881821E-07  -1.72179876E-04   1.19134784E-03  -1.72160697E-04
         242   2.40999818       1.32644811E-08  -5.91695482E-07  -1.60213880E-04   1.20173185E-03  -1.60200609E-04
         243   2.41999817       7.41544959E-09  -5.74508363E-07  -1.48147679E-04   1.21138676E-03  -1.48140258E-04
         244   2.42999816       1.84167526E-09  -5.37161213E-07  -1.35988608E-04   1.22030440E-03  -1.35986760E-04
         245   2.43999815      -3.27157856E-09  -4.82989208E-07  -1.23744088E-04   1.22847583E-03  -1.23747363E-04
         246   2.44999814      -7.77414844E-09  -4.15648628E-07  -1.11421621E-04   1.23589148E-03  -1.11429392E-04
         247   2.45999813      -1.15533290E-08  -3.38947274E-07  -9.90288099E-05   1.24254380E-03  -9.90403641E-05
         248   2.46999812      -1.45345824E-08  -2.56685780E-07  -8.65733236E-05   1.24842511E-03  -8.65878610E-05
         249   2.47999811      -1.66807368E-08  -1.72514063E-07  -7.40629112E-05   1.25352782E-03  -7.40795949E-05
         250   2.48999810      -1.79898372E-08  -8.98071661E-08  -6.15053941E-05   1.25784543E-03  -6.15233876E-05
         251   2.49999809      -1.84918729E-08  -1.15634151E-08  -4.89086488E-05   1.26137200E-03  -4.89271406E-05
         252   2.50999808      -1.82445952E-08   5.96734964E-08  -3.62806095E-05   1.26410346E-03  -3.62988540E-05
         253   2.51999807      -1.73286896E-08   1.21867771E-07  -2.36292472E-05   1.26603618E-03  -2.36465767E-05
         254   2.52999806      -1.58425291E-08   1.73520363E-07  -1.09625653E-05   1.26716669E-03  -1.09784078E-05
         255   2.53999805      -1.38967584E-08   2.13674824E-07   1.71140618E-06   1.26749405E-03   1.69750945E-06
         256   2.54999804      -1.16089325E-08   2.41901915E-07   1.43846328E-05   1.26701780E-03   1.43730240E-05
         257   2.55999804      -9.09839493E-09   2.58265771E-07   2.70490818E-05   1.26573828E-03   2.70399833E-05
         258   2.56999803      -6.48158238E-09   2.63274444E-07   3.96967225E-05   1.26365665E-03   3.96902396E-05
         259   2.57999802      -3.86788468E-09   2.57818471E-07   5.23195449E-05   1.26077479E-03   5.23156777E-05
         260   2.58999801      -1.35616252E-09   2.43100629E-07   6.49095600E-05   1.25709618E-03   6.49082067E-05
         261   2.59999800       9.67998570E-10   2.20560622E-07   7.74588261E-05   1.25262467E-03   7.74597938E-05
         262   2.60999799       3.03427350E-09   1.91797909E-07   8.99594233E-05   1.24736375E-03   8.99624574E-05
         263   2.61999798       4.78881201E-09   1.58495823E-07   1.02403486E-04   1.24131900E-03   1.02408274E-04
         264   2.62999797       6.19471541E-09   1.22349718E-07   1.14783208E-04   1.23449601E-03   1.14789400E-04
         265   2.63999796       7.23182225E-09   8.50015454E-08   1.27090840E-04   1.22690049E-03   1.27098072E-04
         266   2.64999795       7.89588128E-09   4.79825815E-08   1.39318669E-04   1.21853873E-03   1.39326570E-04
         267   2.65999794       8.19719759E-09   1.26659216E-08   1.51459084E-04   1.20941678E-03   1.51467277E-04
         268   2.66999793       8.15885848E-09  -1.97705852E-08   1.63504505E-04   1.19954208E-03   1.63512668E-04
         269   2.67999792       7.81463871E-09  -4.83704490E-08   1.75447451E-04   1.18892186E-03   1.75455265E-04
         270   2.68999791       7.20670457E-09  -7.24137408E-08   1.87280486E-04   1.17756252E-03   1.87287689E-04
         271   2.69999790       6.38321440E-09  -9.14219029E-08   1.98996262E-04   1.16547232E-03   1.99002650E-04
         272   2.70999789       5.39592104E-09  -1.05152942E-07   2.10587517E-04   1.15265918E-03   2.10592916E-04
         273   2.71999788       4.29786784E-09  -1.13588101E-07   2.22047063E-04   1.13913091E-03   2.22051356E-04
         274   2.72999787       3.14125170E-09  -1.16911309E-07   2.33367784E-04   1.12489576E-03   2.33370927E-04
         275   2.73999786       1.97552508E-09  -1.15482933E-07   2.44542665E-04   1.10996189E-03   2.44544644E-04
         276   2.74999785       8.45779891E-10  -1.09809321E-07   2.55564752E-04   1.09433860E-03   2.55565596E-04
         277   2.75999784      -2.08547957E-10  -1.00509681E-07   2.66427174E-04   1.07803498E-03   2.66426970E-04
         278   2.76999784      -1.15463605E-09  -8.82818654E-08   2.77123210E-04   1.06106012E-03   2.77122046E-04
         279   2.77999783      -1.96689198E-09  -7.38684136E-08   2.87646195E-04   1.04342424E-03   2.87644216E-04
         280   2.78999782      -2.62723576E-09  -5.80241206E-08   2.97989551E-04   1.02513784E-03   2.97986931E-04
         281   2.79999781      -3.12507109E-09  -4.14862349E-08   3.08146817E-04   1.00621139E-03   3.08143703E-04
         282   2.80999780      -3.45697515E-09  -2.49481680E-08   3.18111677E-04   9.86656174E-04   3.18108214E-04
         283   2.81999779      -3.62614605E-09  -9.03735575E-09   3.27877875E-04   9.66483261E-04   3.27874237E-04
         284   2.82999778      -3.64165120E-09   5.70226977E-09   3.37439327E-04   9.45705455E-04   3.37435689E-04
         285   2.83999777      -3.51752494E-09   1.88229698E-08   3.46790010E-04   9.24335152E-04   3.46786488E-04
         286   2.84999776      -3.27176330E-09   2.99810274E-08   3.55924101E-04   9.02384811E-04   3.55920842E-04
         287   2.85999775      -2.92526470E-09   3.89398949E-08   3.64835840E-04   8.79868458E-04   3.64832900E-04
         288   2.86999774      -2.50076027E-09   4.55689602E-08   3.73519637E-04   8.56800121E-04   3.73517134E-04
         289   2.87999773      -2.02177763E-09   4.98384338E-08   3.81970051E-04   8.33194004E-04   3.81968042E-04
         290   2.88999772      -1.51167256E-09   5.18108756E-08   3.90181784E-04   8.09065008E-04   3.90180270E-04
         291   2.89999771      -9.92758542E-10   5.16300354E-08   3.98149685E-04   7.84427975E-04   3.98148695E-04
         292   2.90999770      -4.85560425E-10   4.95076762E-08   4.05868719E-04   7.59298855E-04   4.05868224E-04
         293   2.91999769      -8.20521429E-12   4.57090685E-08   4.13334084E-04   7.33693887E-04   4.13334084E-04
         294   2.92999768       4.24037000E-10   4.05378309E-08   4.20541095E-04   7.07628613E-04   4.20541532E-04
         295   2.93999767       7.99060929E-10   3.43207631E-08   4.27485211E-04   6.81120087E-04   4.27485997E-04
         296   2.94999766       1.10808362E-09   2.73932486E-08   4.34162095E-04   6.54185249E-04   4.34163201E-04
         297   2.95999765       1.34566214E-09   2.00857055E-08   4.40567557E-04   6.26841385E-04   4.40568896E-04
         298   2.96999764       1.50958179E-09   1.27115278E-08   4.46697610E-04   5.99105726E-04   4.46699123E-04
         299   2.97999763       1.60063307E-09   5.55681678E-09   4.52548440E-04   5.70995733E-04   4.52550041E-04
         300   2.98999763       1.62229563E-09  -1.12787912E-09   4.58116352E-04   5.42529393E-04   4.58117982E-04
         301   2.99999762       1.58035063E-09  -7.13368253E-09   4.63397912E-04   5.13724983E-04   4.63399483E-04
         302   3.00999761       1.48244206E-09  -1.22973489E-08   4.68389801E-04   4.84600081E-04   4.68391285E-04
         303   3.01999760       1.33760980E-09  -1.65031171E-08   4.73088934E-04   4.55173315E-04   4.73090273E-04
         304   3.02999759       1.15581367E-09  -1.96825809E-08   4.77492344E-04   4.25463135E-04   4.77493508E-04
         305   3.03999758       9.47467882E-10  -2.18127809E-08   4.81597323E-04   3.95488169E-04   4.81598283E-04
         306   3.04999757       7.23003157E-10  -2.29127473E-08   4.85401310E-04   3.65267013E-04   4.85402037E-04
         307   3.05999756       4.92468955E-10  -2.30387851E-08   4.88901918E-04   3.34818440E-04   4.88902384E-04
         308   3.06999755       2.65188815E-10  -2.22787904E-08   4.92096995E-04   3.04161571E-04   4.92097286E-04
         309   3.07999754       4.94755487E-11  -2.07459081E-08   4.94984561E-04   2.73315411E-04   4.94984619E-04
         310   3.08999753      -1.47587831E-10  -1.85718392E-08   4.97562753E-04   2.42298789E-04   4.97562578E-04
         311   3.09999752      -3.20299898E-10  -1.59000777E-08   4.99830057E-04   2.11131381E-04   4.99829708E-04
         312   3.10999751      -4.64425554E-10  -1.28793429E-08   5.01784962E-04   1.79832365E-04   5.01784496E-04
         313   3.11999750      -5.77217218E-10  -9.65744196E-09   5.03426301E-04   1.48421197E-04   5.03425719E-04
         314   3.12999749      -6.57377541E-10  -6.37574971E-09   5.04753087E-04   1.16917363E-04   5.04752446E-04
         315   3.13999748      -7.04970526E-10  -3.16445559E-09   5.05764445E-04   8.53402598E-05   5.05763746E-04
         316   3.14999747      -7.21289695E-10  -1.38689948E-10   5.06459735E-04   5.37094893E-05   5.06459037E-04
         317   3.15999746      -7.08691827E-10   2.60441113E-09   5.06838551E-04   2.20449474E-05   5.06837852E-04
         318   3.16999745      -6.70406619E-10   4.98767827E-09   5.06900600E-04  -9.63392813E-06   5.06899902E-04
         319   3.17999744      -6.10330841E-10   6.95493707E-09   5.06645883E-04  -4.13070629E-05   5.06645301E-04
         320   3.18999743      -5.32817179E-10   8.47114112E-09   5.06074575E-04  -7.29546737E-05   5.06074051E-04
         321   3.19999743      -4.42465703E-10   9.52169010E-09   5.05186967E-04  -1.04557330E-04   5.05186501E-04
         322   3.20999742      -3.43925749E-10   1.01110391E-08   5.03983640E-04  -1.36095041E-04   5.03983290E-04
         323   3.21999741      -2.41714898E-10   1.02607167E-08   5.02465351E-04  -1.67548016E-04   5.02465118E-04
         324   3.22999740      -1.40060130E-10   1.00068833E-08   5.00633032E-04  -1.98896712E-04   5.00632916E-04
         325   3.23999739      -4.27650762E-11   9.39756539E-09   4.98487847E-04  -2.30121223E-04   4.98487789E-04
         326   3.24999738       4.68939818E-11   8.48970672E-09   4.96031134E-04  -2.61202280E-04   4.96031193E-04
         327   3.25999737       1.26242197E-10   7.34615790E-09   4.93264408E-04  -2.92120589E-04   4.93264524E-04
         328   3.26999736       1.93250443E-10   6.03273076E-09   4.90189355E-04  -3.22856562E-04   4.90189530E-04
         329   3.27999735       2.46550835E-10   4.61541871E-09   4.86807956E-04  -3.53390526E-04   4.86808189E-04
         330   3.28999734       2.85425683E-10   3.15787663E-09   4.83122305E-04  -3.83703940E-04   4.83122596E-04
         331   3.29999733       3.09772874E-10   1.71922876E-09   4.79134702E-04  -4.13777307E-04   4.79135022E-04
         332   3.30999732       3.20051152E-10   3.52256335E-10   4.74847649E-04  -4.43591707E-04   4.74847970E-04
         333   3.31999731       3.17209342E-10  -8.98001673E-10   4.70263825E-04  -4.73129243E-04   4.70264145E-04
         334   3.32999730       3.02603748E-10  -1.99521910E-09   4.65386081E-04  -5.02370764E-04   4.65386373E-04
         335   3.33999729       2.77907891E-10  -2.91233349E-09   4.60217474E-04  -5.31298399E-04   4.60217765E-04
         336   3.34999728       2.45018866E-10  -3.63168962E-09   4.54761233E-04  -5.59893670E-04   4.54761466E-04
         337   3.35999727       2.05964024E-10  -4.14481516E-09   4.49020794E-04  -5.88138471E-04   4.49020998E-04
         338   3.36999726       1.62811764E-10  -4.45186776E-09   4.42999706E-04  -6.16016157E-04   4.42999881E-04
         339   3.37999725       1.17589077E-10  -4.56080818E-09   4.36701754E-04  -6.43508392E-04   4.36701870E-04
         340   3.38999724       7.22086280E-11  -4.48635529E-09   4.30130895E-04  -6.70598471E-04   4.30130953E-04
         341   3.39999723       2.84070649E-11  -4.24878488E-09   4.23291203E-04  -6.97269046E-04   4.23291232E-04
         342   3.40999722      -1.23041230E-11  -3.87263199E-09   4.16186987E-04  -7.23503414E-04   4.16186987E-04
         343   3.41999722      -4.86745262E-11  -3.38535422E-09   4.08822671E-04  -7.49286031E-04   4.08822612E-04
         344   3.42999721      -7.97373903E-11  -2.81601209E-09   4.01202851E-04  -7.74600077E-04   4.01202764E-04
         345   3.43999720      -1.04819313E-10  -2.19401430E-09   3.93332302E-04  -7.99429428E-04   3.93332186E-04
         346   3.44999719      -1.23537888E-10  -1.54796886E-09   3.85215943E-04  -8.23759823E-04   3.85215826E-04
         347   3.45999718      -1.35788492E-10  -9.04673392E-10   3.76858836E-04  -8.47575080E-04   3.76858690E-04
         348   3.46999717      -1.41721843E-10  -2.88271351E-10   3.68266221E-04  -8.70860182E-04   3.68266075E-04
         349   3.47999716      -1.41713974E-10   2.80411416E-10   3.59443453E-04  -8.93601740E-04   3.59443307E-04
         350   3.48999715      -1.36330544E-10   7.84341259E-10   3.50396062E-04  -9.15784505E-04   3.50395916E-04
         351   3.49999714      -1.26287328E-10   1.21056187E-09   3.41129693E-04  -9.37395438E-04   3.41129577E-04
         352   3.50999713      -1.12408749E-10   1.55029822E-09   3.31650139E-04  -9.58420453E-04   3.31650022E-04
         353   3.51999712      -9.55862958E-11   1.79889115E-09   3.21963307E-04  -9.78846452E-04   3.21963220E-04
         354   3.52999711      -7.67383032E-11   1.95558258E-09   3.12075252E-04  -9.98661388E-04   3.12075164E-04
         355   3.53999710      -5.67725728E-11   2.02317318E-09   3.01992171E-04  -1.01785199E-03   3.01992113E-04
         356   3.54999709      -3.65529204E-11   2.00757744E-09   2.91720353E-04  -1.03640684E-03   2.91720324E-04
         357   3.55999708      -1.68705969E-11   1.91730276E-09   2.81266228E-04  -1.05431373E-03   2.81266199E-04
         358   3.56999707       1.57882735E-12   1.76288029E-09   2.70636316E-04  -1.07156159E-03   2.70636316E-04
         359   3.57999706       1.82127438E-11   1.55627267E-09   2.59837252E-04  -1.08814053E-03   2.59837281E-04
         360   3.58999705       3.25728576E-11   1.31028399E-09   2.48875789E-04  -1.10403914E-03   2.48875818E-04
         361   3.59999704       4.43307509E-11   1.03799391E-09   2.37758781E-04  -1.11924706E-03   2.37758824E-04
         362   3.60999703       5.32879747E-11   7.52235274E-10   2.26493183E-04  -1.13375625E-03   2.26493241E-04
         363   3.61999702       5.93712232E-11   4.65130795E-10   2.15086038E-04  -1.14755647E-03   2.15086096E-04
         364   3.62999701       6.26231914E-11   1.87700633E-10   2.03544463E-04  -1.16063887E-03   2.03544521E-04
         365   3.63999701       6.31899255E-11  -7.04507563E-11   1.91875690E-04  -1.17299671E-03   1.91875748E-04
         366   3.64999700       6.13054468E-11  -3.01364211E-10   1.80086994E-04  -1.18462101E-03   1.80087052E-04
         367   3.65999699       5.72745046E-11  -4.98871333E-10   1.68185739E-04  -1.19550549E-03   1.68185798E-04
         368   3.66999698       5.14542714E-11  -6.58657962E-10   1.56179376E-04  -1.20564247E-03   1.56179434E-04
         369   3.67999697       4.42358233E-11  -7.78251630E-10   1.44075413E-04  -1.21502543E-03   1.44075457E-04
         370   3.68999696       3.60260606E-11  -8.56939852E-10   1.31881403E-04  -1.22364995E-03   1.31881432E-04
         371   3.69999695       2.72307767E-11  -8.95629904E-10   1.19604971E-04  -1.23150926E-03   1.19605000E-04
         372   3.70999694       1.82393614E-11  -8.96660135E-10   1.07253785E-04  -1.23859942E-03   1.07253807E-04
         373   3.71999693       9.41159303E-12  -8.63575045E-10   9.48355737E-05  -1.24491507E-03   9.48355810E-05
         374   3.72999692       1.06680290E-12  -8.00876199E-10   8.23580922E-05  -1.25045225E-03   8.23580922E-05
         375   3.73999691      -6.52438433E-12  -7.13760218E-10   6.98291406E-05  -1.25520874E-03   6.98291333E-05
         376   3.74999690      -1.31456885E-11  -6.07855599E-10   5.72565441E-05  -1.25918025E-03   5.72565295E-05
         377   3.75999689      -1.86382038E-11  -4.88967977E-10   4.46481681E-05  -1.26236409E-03   4.46481499E-05
         378   3.76999688      -2.29009711E-11  -3.62843144E-10   3.20118925E-05  -1.26475992E-03   3.20118706E-05
         379   3.77999687      -2.58892907E-11  -2.34954667E-10   1.93556116E-05  -1.26636494E-03   1.93555861E-05
         380   3.78999686      -2.76110662E-11  -1.10322182E-10   6.68723897E-06  -1.26717787E-03   6.68721123E-06
         381   3.79999685      -2.81214999E-11   6.63590016E-12  -5.98530642E-06  -1.26719975E-03  -5.98533461E-06
         382   3.80999684      -2.75164943E-11   1.12212725E-10  -1.86541110E-05  -1.26642932E-03  -1.86541383E-05
         383   3.81999683      -2.59251474E-11   2.03485964E-10  -3.13112578E-05  -1.26486807E-03  -3.13112832E-05
         384   3.82999682      -2.35016884E-11   2.78354007E-10  -4.39488358E-05  -1.26251590E-03  -4.39488576E-05
         385   3.83999681      -2.04172408E-11   3.35537653E-10  -5.65589435E-05  -1.25937443E-03  -5.65589653E-05
         386   3.84999681      -1.68517197E-11   3.74550280E-10  -6.91337045E-05  -1.25544681E-03  -6.91337191E-05
         387   3.85999680      -1.29861694E-11   3.95640937E-10  -8.16652610E-05  -1.25073420E-03  -8.16652755E-05
         388   3.86999679      -8.99579196E-12   3.99714928E-10  -9.41457838E-05  -1.24524033E-03  -9.41457911E-05
         389   3.87999678      -5.04385119E-12   3.88236970E-10  -1.06567473E-04  -1.23896787E-03  -1.06567481E-04
         390   3.88999677      -1.27661770E-12   3.63122393E-10  -1.18922559E-04  -1.23192079E-03  -1.18922559E-04
         391   3.89999676       2.18056562E-12   3.26621619E-10  -1.31203327E-04  -1.22410455E-03  -1.31203327E-04
         392   3.90999675       5.22604356E-12   2.81202922E-10  -1.43402096E-04  -1.21552288E-03  -1.43402096E-04
         393   3.91999674       7.78345617E-12   2.29437969E-10  -1.55511254E-04  -1.20618090E-03  -1.55511239E-04
         394   3.92999673       9.80222327E-12   1.73894510E-10  -1.67523220E-04  -1.19608582E-03  -1.67523205E-04
         395   3.93999672       1.12570144E-11   1.17039295E-10  -1.79430484E-04  -1.18524290E-03  -1.79430470E-04
         396   3.94999671       1.21463039E-11   6.11541096E-11  -1.91225612E-04  -1.17365853E-03  -1.91225598E-04
         397   3.95999670       1.24901678E-11   8.26680391E-12  -2.02901225E-04  -1.16134156E-03  -2.02901210E-04
         398   3.96999669       1.23274611E-11  -3.99014606E-11  -2.14450032E-04  -1.14829838E-03  -2.14450018E-04
         399   3.97999668       1.17125615E-11  -8.19723595E-11  -2.25864816E-04  -1.13453809E-03  -2.25864802E-04
         400   3.98999667       1.07118264E-11  -1.16930021E-10  -2.37138433E-04  -1.12006837E-03  -2.37138418E-04
         401   3.99999666       9.39993743E-12  -1.44125128E-10  -2.48263852E-04  -1.10489840E-03  -2.48263852E-04
         402   4.00999689       7.85627292E-12  -1.63264610E-10  -2.59234104E-04  -1.08903868E-03  -2.59234104E-04
         403   4.01999712       6.16145112E-12  -1.74388934E-10  -2.70042365E-04  -1.07249920E-03  -2.70042365E-04
         404   4.02999735       4.39415388E-12  -1.77838771E-10  -2.80681881E-04  -1.05529022E-03  -2.80681881E-04
         405   4.03999758       2.62832507E-12  -1.74213519E-10  -2.91145989E-04  -1.03742222E-03  -2.91145989E-04
         406   4.04999781       9.30816296E-13  -1.64323971E-10  -3.01428168E-04  -1.01890625E-03  -3.01428168E-04
         407   4.05999804      -6.40473677E-13  -1.49141421E-10  -3.11521988E-04  -9.99753713E-04  -3.11521988E-04
         408   4.06999826      -2.03794468E-12  -1.29745520E-10  -3.21421161E-04  -9.79976379E-04  -3.21421161E-04
         409   4.07999849      -3.22511982E-12  -1.07273052E-10  -3.31119489E-04  -9.59586352E-04  -3.31119489E-04
         410   4.08999872      -4.17697214E-12  -8.28693225E-11  -3.40610917E-04  -9.38596379E-04  -3.40610917E-04
         411   4.09999895      -4.87978321E-12  -5.76439313E-11  -3.49889480E-04  -9.17019323E-04  -3.49889480E-04
         412   4.10999918      -5.33058797E-12  -3.26320568E-11  -3.58949386E-04  -8.94868746E-04  -3.58949386E-04
         413   4.11999941      -5.53626459E-12  -8.76228083E-12  -3.67784989E-04  -8.72158329E-04  -3.67784989E-04
         414   4.12999964      -5.51233625E-12   1.31685149E-11  -3.76390759E-04  -8.48902273E-04  -3.76390759E-04
         415   4.13999987      -5.28155904E-12   3.25128327E-11  -3.84761282E-04  -8.25115014E-04  -3.84761282E-04
         416   4.15000010      -4.87237204E-12   4.87829221E-11  -3.92891350E-04  -8.00811627E-04  -3.92891350E-04
         417   4.16000032      -4.31727570E-12   6.16540638E-11  -4.00775869E-04  -7.76007131E-04  -4.00775869E-04
         418   4.17000055      -3.65121345E-12   7.09614034E-11  -4.08409891E-04  -7.50717183E-04  -4.08409891E-04
         419   4.18000078      -2.91001359E-12   7.66909522E-11  -4.15788643E-04  -7.24957557E-04  -4.15788643E-04
         420   4.19000101      -2.12894567E-12   7.89658061E-11  -4.22907528E-04  -6.98744610E-04  -4.22907528E-04
         421   4.20000124      -1.34143543E-12   7.80284101E-11  -4.29762091E-04  -6.72094699E-04  -4.29762091E-04
         422   4.21000147      -5.77972078E-13   7.42199913E-11  -4.36348026E-04  -6.45024586E-04  -4.36348026E-04
         423   4.22000170       1.34768553E-13   6.79582363E-11  -4.42661229E-04  -6.17551268E-04  -4.42661229E-04
         424   4.23000193       7.74573331E-13   5.97141572E-11  -4.48697770E-04  -5.89691859E-04  -4.48697770E-04
         425   4.24000216       1.32410988E-12   4.99891482E-11  -4.54453868E-04  -5.61463821E-04  -4.54453868E-04
         426   4.25000238       1.77111982E-12   3.92930792E-11  -4.59925912E-04  -5.32884966E-04  -4.59925912E-04
         427   4.26000261       2.10840091E-12   2.81241384E-11  -4.65110468E-04  -5.03973220E-04  -4.65110468E-04
         428   4.27000284       2.33359903E-12   1.69510447E-11  -4.70004336E-04  -4.74746746E-04  -4.70004336E-04
         429   4.28000307       2.44883627E-12   6.19807677E-12  -4.74604429E-04  -4.45223763E-04  -4.74604429E-04
         430   4.29000330       2.46020435E-12  -3.76679937E-12  -4.78907896E-04  -4.15422750E-04  -4.78907896E-04
         431   4.30000353       2.37715620E-12  -1.26405336E-11  -4.82912030E-04  -3.85362422E-04  -4.82912030E-04
         432   4.31000376       2.21182686E-12  -2.01903060E-11  -4.86614357E-04  -3.55061464E-04  -4.86614357E-04
         433   4.32000399       1.97831812E-12  -2.62556834E-11  -4.90012520E-04  -3.24538705E-04  -4.90012520E-04
         434   4.33000422       1.69197675E-12  -3.07478071E-11  -4.93104453E-04  -2.93813442E-04  -4.93104453E-04
         435   4.34000444       1.36869335E-12  -3.36459680E-11  -4.95888176E-04  -2.62904709E-04  -4.95888176E-04
         436   4.35000467       1.02424785E-12  -3.49918948E-11  -4.98362002E-04  -2.31831946E-04  -4.98362002E-04
         437   4.36000490       6.73721495E-13  -3.48822325E-11  -5.00524358E-04  -2.00614333E-04  -5.00524358E-04
         438   4.37000513       3.30991067E-13  -3.34596517E-11  -5.02373907E-04  -1.69271312E-04  -5.02373907E-04
         439   4.38000536       8.31718592E-15  -3.09030579E-11  -5.03909483E-04  -1.37822557E-04  -5.03909483E-04
         440   4.39000559      -2.83967213E-13  -2.74173531E-11  -5.05130098E-04  -1.06287654E-04  -5.05130098E-04
         441   4.40000582      -5.37665290E-13  -2.32231890E-11  -5.06035052E-04  -7.46863225E-05  -5.06035052E-04
         442   4.41000605      -7.46824206E-13  -1.85470979E-11  -5.06623706E-04  -4.30381442E-05  -5.06623706E-04
         443   4.42000628      -9.07747131E-13  -1.36123404E-11  -5.06895711E-04  -1.13631686E-05  -5.06895711E-04
         444   4.43000650      -1.01891911E-12  -8.63074369E-12  -5.06850949E-04   2.03189593E-05  -5.06850949E-04
         445   4.44000673      -1.08085665E-12  -3.79575408E-12  -5.06489421E-04   5.19884961E-05  -5.06489421E-04
         446   4.45000696      -1.09589508E-12   7.23148971E-13  -5.05811302E-04   8.36256659E-05  -5.05811302E-04
         447   4.46000719      -1.06792667E-12   4.78460761E-12  -5.04817057E-04   1.15210612E-04  -5.04817057E-04
         448   4.47000742      -1.00210497E-12   8.27806833E-12  -5.03507326E-04   1.46723469E-04  -5.03507326E-04
         449   4.48000765      -9.04529164E-13   1.11250462E-11  -5.01882925E-04   1.78144895E-04  -5.01882925E-04
         450   4.49000788      -7.81922704E-13   1.32790523E-11  -4.99944843E-04   2.09455058E-04  -4.99944843E-04
         451   4.50000811      -6.41318867E-13   1.47243103E-11  -4.97694302E-04   2.40634516E-04  -4.97694302E-04
         452   4.51000834      -4.89764425E-13   1.54734333E-11  -4.95132699E-04   2.71663710E-04  -4.95132699E-04
         453   4.52000856      -3.34051038E-13   1.55642443E-11  -4.92261606E-04   3.02523084E-04  -4.92261606E-04
         454   4.53000879      -1.80481918E-13   1.50559409E-11  -4.89082886E-04   3.33193369E-04  -4.89082886E-04
         455   4.54000902      -3.46790738E-14   1.40248186E-11  -4.85598459E-04   3.63655563E-04  -4.85598459E-04
         456   4.55000925       9.85650906E-14   1.25597466E-11  -4.81810537E-04   3.93890310E-04  -4.81810537E-04
         457   4.56000948       2.15390666E-13   1.07575997E-11  -4.77721478E-04   4.23878926E-04  -4.77721478E-04
         458   4.57000971       3.12927906E-13   8.71882254E-12  -4.73333843E-04   4.53602610E-04  -4.73333843E-04
         459   4.58000994       3.89311928E-13   6.54327894E-12  -4.68650396E-04   4.83042648E-04  -4.68650396E-04
         460   4.59001017       4.43657752E-13   4.32651918E-12  -4.63674020E-04   5.12180966E-04  -4.63674020E-04
         461   4.60001040       4.76000749E-13   2.15656334E-12  -4.58407856E-04   5.40999055E-04  -4.58407856E-04
         462   4.61001062       4.87207659E-13   1.11281210E-13  -4.52855194E-04   5.69478958E-04  -4.52855194E-04
         463   4.62001085       4.78864615E-13  -1.74359745E-12  -4.47019498E-04   5.97602862E-04  -4.47019498E-04
         464   4.63001108       4.53148424E-13  -3.35582126E-12  -4.40904405E-04   6.25353307E-04  -4.40904405E-04
         465   4.64001131       4.12687923E-13  -4.68731651E-12  -4.34513757E-04   6.52712886E-04  -4.34513757E-04
         466   4.65001154       3.60421111E-13  -5.71428321E-12  -4.27851541E-04   6.79664547E-04  -4.27851541E-04
         467   4.66001177       2.99454363E-13  -6.42673848E-12  -4.20921919E-04   7.06191349E-04  -4.20921919E-04
         468   4.67001200       2.32928477E-13  -6.82758234E-12  -4.13729227E-04   7.32276705E-04  -4.13729227E-04
         469   4.68001223       1.63896267E-13  -6.93125939E-12  -4.06277948E-04   7.57904432E-04  -4.06277948E-04
         470   4.69001245       9.52151837E-14  -6.76211474E-12  -3.98572738E-04   7.83058465E-04  -3.98572738E-04
         471   4.70001268       2.94574071E-14  -6.35252614E-12  -3.90618428E-04   8.07722914E-04  -3.90618428E-04
         472   4.71001291      -3.11605329E-14  -5.74091252E-12  -3.82419996E-04   8.31882644E-04  -3.82419996E-04
         473   4.72001314      -8.48280186E-14  -4.96970173E-12  -3.73982533E-04   8.55522463E-04  -3.73982533E-04
         474   4.73001337      -1.30170424E-13  -4.08333870E-12  -3.65311338E-04   8.78627528E-04  -3.65311338E-04
         475   4.74001360      -1.66259760E-13  -3.12640755E-12  -3.56411823E-04   9.01183463E-04  -3.56411823E-04
         476   4.75001383      -1.92607391E-13  -2.14192726E-12  -3.47289548E-04   9.23176063E-04  -3.47289548E-04
         477   4.76001406      -2.09140742E-13  -1.16986856E-12  -3.37950245E-04   9.44591651E-04  -3.37950245E-04
         478   4.77001429      -2.16166481E-13  -2.45926977E-13  -3.28399707E-04   9.65416897E-04  -3.28399707E-04
         479   4.78001451      -2.14322795E-13   5.99424102E-13  -3.18643928E-04   9.85638821E-04  -3.18643928E-04
         480   4.79001474      -2.04523627E-13   1.34159242E-12  -3.08688992E-04   1.00524479E-03  -3.08688992E-04
         481   4.80001497      -1.87897766E-13   1.96224027E-12  -2.98541127E-04   1.02422235E-03  -2.98541127E-04
         482   4.81001520      -1.65725574E-13   2.44938553E-12  -2.88206676E-04   1.04255986E-03  -2.88206676E-04
         483   4.82001543      -1.39375992E-13   2.79725093E-12  -2.77692103E-04   1.06024579E-03  -2.77692103E-04
         484   4.83001566      -1.10246176E-13   3.00589263E-12  -2.67003983E-04   1.07726909E-03  -2.67003983E-04
         485   4.84001589      -7.97058139E-14   3.08064360E-12  -2.56148982E-04   1.09361915E-03  -2.56148982E-04
         486   4.85001612      -4.90477511E-14   3.03140889E-12  -2.45133881E-04   1.10928575E-03  -2.45133881E-04
         487   4.86001635      -1.94462942E-14   2.87185445E-12  -2.33965577E-04   1.12425897E-03  -2.33965577E-04
         488   4.87001657       8.07609662E-15   2.61853126E-12  -2.22651055E-04   1.13852962E-03  -2.22651055E-04
         489   4.88001680       3.26731203E-14   2.28997268E-12  -2.11197374E-04   1.15208875E-03  -2.11197374E-04
         490   4.89001703       5.36899965E-14   1.90580277E-12  -1.99611692E-04   1.16492785E-03  -1.99611692E-04
         491   4.90001726       7.06700662E-14   1.48588780E-12  -1.87901256E-04   1.17703888E-03  -1.87901256E-04
         492   4.91001749       8.33532868E-14   1.04955985E-12  -1.76073372E-04   1.18841429E-03  -1.76073372E-04
         493   4.92001772       9.16673624E-14   6.14934210E-13  -1.64135447E-04   1.19904696E-03  -1.64135447E-04
         494   4.93001795       9.57126292E-14   1.98337440E-13  -1.52094944E-04   1.20893028E-03  -1.52094944E-04
         495   4.94001818       9.57418349E-14  -1.86141223E-13  -1.39959375E-04   1.21805805E-03  -1.39959375E-04
         496   4.95001841       9.21360359E-14  -5.26971858E-13  -1.27736334E-04   1.22642447E-03  -1.27736334E-04
         497   4.96001863       8.53779260E-14  -8.15377605E-13  -1.15433453E-04   1.23402430E-03  -1.15433453E-04
         498   4.97001886       7.60238565E-14  -1.04540562E-12  -1.03058424E-04   1.24085287E-03  -1.03058424E-04
         499   4.98001909       6.46757292E-14  -1.21388424E-12  -9.06189889E-05   1.24690589E-03  -9.06189889E-05
         500   4.99001932       5.19538195E-14  -1.32027874E-12  -7.81229173E-05   1.25217962E-03  -7.81229173E-05
