           1   0.00000000       0.00000000      0.100000001       0.00000000      0.100000001       0.00000000    
           2   9.99999978E-03   7.46333331E-04   5.35666682E-02   7.46404112E-04   5.35873361E-02   1.49273744E-03
           3   1.99999996E-02   1.13377988E-03   2.64658276E-02   1.13428116E-03   2.65346523E-02   2.26806104E-03
           4   2.99999993E-02   1.31255796E-03   1.07921511E-02   1.31404854E-03   1.09227533E-02   2.62660650E-03
           5   3.99999991E-02   1.37140241E-03   1.86257251E-03   1.37453305E-03   2.06052139E-03   2.74593546E-03
           6   4.99999970E-02   1.36262958E-03  -3.09637515E-03   1.36808155E-03  -2.83012446E-03   2.73071113E-03
           7   5.99999949E-02   1.31699152E-03  -5.72652835E-03   1.32544129E-03  -5.39360289E-03   2.64243269E-03
           8   6.99999928E-02   1.25247822E-03  -6.99916901E-03   1.26457843E-03  -6.60258997E-03   2.51705665E-03
           9   7.99999908E-02   1.17953343E-03  -7.48828659E-03   1.19590235E-03  -7.03177182E-03   2.37543578E-03
          10   8.99999887E-02   1.10414426E-03  -7.53252581E-03   1.12536130E-03  -7.02008838E-03   2.22950568E-03
          11   9.99999866E-02   1.02967129E-03  -7.33116176E-03   1.05627533E-03  -6.76687853E-03   2.08594650E-03
          12  0.109999985       9.57932498E-04  -7.00097112E-03   9.90421860E-04  -6.38885563E-03   1.94835430E-03
          13  0.119999982       8.89844086E-04  -6.60993485E-03   9.28677560E-04  -5.95386745E-03   1.81852165E-03
          14  0.129999980       8.25799827E-04  -6.19720295E-03   8.71398253E-04  -5.50089823E-03   1.69719802E-03
          15  0.139999986       7.65894831E-04  -5.78492275E-03   8.18642671E-04  -5.05191460E-03   1.58453756E-03
          16  0.149999991       7.10057211E-04  -5.38524147E-03   7.70304643E-04  -4.61888127E-03   1.48036191E-03
          17  0.159999996       6.58125733E-04  -5.00445161E-03   7.26190279E-04  -4.20791097E-03   1.38431601E-03
          18  0.170000002       6.09894807E-04  -4.64544259E-03   6.86063140E-04  -3.82172246E-03   1.29595795E-03
          19  0.180000007       5.65140741E-04  -4.30914806E-03   6.49670314E-04  -3.46108666E-03   1.21481111E-03
          20  0.190000013       5.23636467E-04  -3.99540039E-03   6.16757141E-04  -3.12568340E-03   1.14039355E-03
          21  0.200000018       4.85160010E-04  -3.70343216E-03   5.87075541E-04  -2.81460141E-03   1.07223552E-03
          22  0.210000023       4.49498737E-04  -3.43216956E-03   5.60388144E-04  -2.52663298E-03   1.00988685E-03
          23  0.220000029       4.16451599E-04  -3.18040233E-03   5.36470383E-04  -2.26044306E-03   9.52921982E-04
          24  0.230000034       3.85829859E-04  -2.94688251E-03   5.15111315E-04  -2.01466586E-03   9.00941202E-04
          25  0.240000039       3.57457233E-04  -2.73037748E-03   4.96113556E-04  -1.78796041E-03   8.53570760E-04
          26  0.250000030       3.31169547E-04  -2.52970122E-03   4.79292910E-04  -1.57903833E-03   8.10462458E-04
          27  0.260000020       3.06814210E-04  -2.34372797E-03   4.64477693E-04  -1.38667913E-03   7.71291903E-04
          28  0.270000011       2.84249516E-04  -2.17139954E-03   4.51508065E-04  -1.20973517E-03   7.35757581E-04
          29  0.280000001       2.63344031E-04  -2.01172591E-03   4.40235308E-04  -1.04713312E-03   7.03579339E-04
          30  0.289999992       2.43975897E-04  -1.86378427E-03   4.30521060E-04  -8.97872203E-04   6.74496987E-04
          31  0.299999982       2.26032120E-04  -1.72671652E-03   4.22236626E-04  -7.61021161E-04   6.48268731E-04
          32  0.309999973       2.09407997E-04  -1.59972569E-03   4.15262301E-04  -6.35714154E-04   6.24670298E-04
          33  0.319999963       1.94006498E-04  -1.48207240E-03   4.09486704E-04  -5.21147391E-04   6.03493187E-04
          34  0.329999954       1.79737719E-04  -1.37307087E-03   4.04806196E-04  -4.16574389E-04   5.84543915E-04
          35  0.339999944       1.66518366E-04  -1.27208536E-03   4.01124358E-04  -3.21302010E-04   5.67642739E-04
          36  0.349999934       1.54271271E-04  -1.17852655E-03   3.98351462E-04  -2.34686886E-04   5.52622718E-04
          37  0.359999925       1.42924924E-04  -1.09184859E-03   3.96403921E-04  -1.56131951E-04   5.39328845E-04
          38  0.369999915       1.32413072E-04  -1.01154542E-03   3.95203970E-04  -8.50828437E-05   5.27617056E-04
          39  0.379999906       1.22674348E-04  -9.37148347E-04   3.94679140E-04  -2.10248400E-05   5.17353474E-04
          40  0.389999896       1.13651884E-04  -8.68222967E-04   3.94761941E-04   3.65201959E-05   5.08413825E-04
          41  0.399999887       1.05293002E-04  -8.04366893E-04   3.95389477E-04   8.79962827E-05   5.00682509E-04
          42  0.409999877       9.75489020E-05  -7.45207246E-04   3.96503165E-04   1.33815804E-04   4.94052074E-04
          43  0.419999868       9.03743639E-05  -6.90398680E-04   3.98048374E-04   1.74362285E-04   4.88422753E-04
          44  0.429999858       8.37275002E-05  -6.39621168E-04   3.99974175E-04   2.09991849E-04   4.83701675E-04
          45  0.439999849       7.75695007E-05  -5.92578261E-04   4.02233098E-04   2.41035857E-04   4.79802606E-04
          46  0.449999839       7.18644078E-05  -5.48995216E-04   4.04780818E-04   2.67802505E-04   4.76645218E-04
          47  0.459999830       6.65789121E-05  -5.08617668E-04   4.07576037E-04   2.90578697E-04   4.74154949E-04
          48  0.469999820       6.16821562E-05  -4.71209787E-04   4.10580164E-04   3.09631170E-04   4.72262327E-04
          49  0.479999810       5.71455494E-05  -4.36553179E-04   4.13757254E-04   3.25208763E-04   4.70902800E-04
          50  0.489999801       5.29425997E-05  -4.04445513E-04   4.17073723E-04   3.37542966E-04   4.70016326E-04
          51  0.499999791       4.90487691E-05  -3.74699302E-04   4.20498225E-04   3.46849702E-04   4.69546998E-04
          52  0.509999812       4.54413239E-05  -3.47140856E-04   4.24001482E-04   3.53330281E-04   4.69442806E-04
          53  0.519999802       4.20992001E-05  -3.21609288E-04   4.27556224E-04   3.57172597E-04   4.69655439E-04
          54  0.529999793       3.90028836E-05  -2.97955528E-04   4.31136927E-04   3.58551944E-04   4.70139814E-04
          55  0.539999783       3.61342936E-05  -2.76041450E-04   4.34719783E-04   3.57632292E-04   4.70854080E-04
          56  0.549999774       3.34766846E-05  -2.55739113E-04   4.38282616E-04   3.54566815E-04   4.71759296E-04
          57  0.559999764       3.10145369E-05  -2.36929976E-04   4.41804645E-04   3.49498849E-04   4.72819171E-04
          58  0.569999754       2.87334769E-05  -2.19504218E-04   4.45266545E-04   3.42562475E-04   4.74000029E-04
          59  0.579999745       2.66201841E-05  -2.03360105E-04   4.48650273E-04   3.33883334E-04   4.75270470E-04
          60  0.589999735       2.46623204E-05  -1.88403355E-04   4.51939006E-04   3.23579443E-04   4.76601330E-04
          61  0.599999726       2.28484532E-05  -1.74546643E-04   4.55117028E-04   3.11761105E-04   4.77965485E-04
          62  0.609999716       2.11679926E-05  -1.61709060E-04   4.58169729E-04   2.98532512E-04   4.79337730E-04
          63  0.619999707       1.96111268E-05  -1.49815663E-04   4.61083517E-04   2.83991219E-04   4.80694638E-04
          64  0.629999697       1.81687647E-05  -1.38797011E-04   4.63845703E-04   2.68229109E-04   4.82014468E-04
          65  0.639999688       1.68324859E-05  -1.28588756E-04   4.66444530E-04   2.51332793E-04   4.83277021E-04
          66  0.649999678       1.55944872E-05  -1.19131291E-04   4.68869053E-04   2.33383878E-04   4.84463526E-04
          67  0.659999669       1.44475416E-05  -1.10369401E-04   4.71109146E-04   2.14459549E-04   4.85556695E-04
          68  0.669999659       1.33849517E-05  -1.02251935E-04   4.73155436E-04   1.94632637E-04   4.86540375E-04
          69  0.679999650       1.24005137E-05  -9.47314984E-05   4.74999222E-04   1.73971959E-04   4.87399724E-04
          70  0.689999640       1.14884788E-05  -8.77641723E-05   4.76632500E-04   1.52542867E-04   4.88120975E-04
          71  0.699999630       1.06435227E-05  -8.13092774E-05   4.78047907E-04   1.30407236E-04   4.88691439E-04
          72  0.709999621       9.86071154E-06  -7.53291315E-05   4.79238690E-04   1.07623906E-04   4.89099417E-04
          73  0.719999611       9.13547501E-06  -6.97888172E-05   4.80198622E-04   8.42486043E-05   4.89334110E-04
          74  0.729999602       8.46357761E-06  -6.46559783E-05   4.80922055E-04   6.03348017E-05   4.89385624E-04
          75  0.739999592       7.84109761E-06  -5.99006526E-05   4.81403869E-04   3.59329351E-05   4.89244994E-04
          76  0.749999583       7.26439976E-06  -5.54950711E-05   4.81639436E-04   1.10916353E-05   4.88903839E-04
          77  0.759999573       6.73011664E-06  -5.14135136E-05   4.81624593E-04  -1.41432101E-05   4.88354708E-04
          78  0.769999564       6.23512915E-06  -4.76321475E-05   4.81355615E-04  -3.97272379E-05   4.87590733E-04
          79  0.779999554       5.77654691E-06  -4.41288939E-05   4.80829214E-04  -6.56181801E-05   4.86605772E-04
          80  0.789999545       5.35169283E-06  -4.08832966E-05   4.80042538E-04  -9.17753787E-05   4.85394237E-04
          81  0.799999535       4.95808581E-06  -3.78764053E-05   4.78993141E-04  -1.18159944E-04   4.83951240E-04
          82  0.809999526       4.59342800E-06  -3.50906666E-05   4.77678899E-04  -1.44734469E-04   4.82272328E-04
          83  0.819999516       4.25558983E-06  -3.25098154E-05   4.76098125E-04  -1.71462802E-04   4.80353716E-04
          84  0.829999506       3.94259905E-06  -3.01187793E-05   4.74249420E-04  -1.98310518E-04   4.78192029E-04
          85  0.839999497       3.65262827E-06  -2.79035994E-05   4.72131796E-04  -2.25243974E-04   4.75784414E-04
          86  0.849999487       3.38398422E-06  -2.58513410E-05   4.69744555E-04  -2.52230966E-04   4.73128544E-04
          87  0.859999478       3.13509850E-06  -2.39500223E-05   4.67087288E-04  -2.79240368E-04   4.70222381E-04
          88  0.869999468       2.90451794E-06  -2.21885421E-05   4.64159937E-04  -3.06242087E-04   4.67064441E-04
          89  0.879999459       2.69089605E-06  -2.05566175E-05   4.60962736E-04  -3.33206728E-04   4.63653618E-04
          90  0.889999449       2.49298569E-06  -1.90447172E-05   4.57496179E-04  -3.60106525E-04   4.59989154E-04
          91  0.899999440       2.30963133E-06  -1.76440135E-05   4.53761080E-04  -3.86913656E-04   4.56070702E-04
          92  0.909999430       2.13976227E-06  -1.63463301E-05   4.49758460E-04  -4.13602043E-04   4.51898231E-04
          93  0.919999421       1.98238672E-06  -1.51440881E-05   4.45489655E-04  -4.40145726E-04   4.47472034E-04
          94  0.929999411       1.83658585E-06  -1.40302682E-05   4.40956239E-04  -4.66519792E-04   4.42792836E-04
          95  0.939999402       1.70150838E-06  -1.29983682E-05   4.36160044E-04  -4.92699910E-04   4.37861541E-04
          96  0.949999392       1.57636566E-06  -1.20423620E-05   4.31103108E-04  -5.18662797E-04   4.32679488E-04
          97  0.959999382       1.46042692E-06  -1.11566687E-05   4.25787730E-04  -5.44385228E-04   4.27248160E-04
          98  0.969999373       1.35301525E-06  -1.03361172E-05   4.20216413E-04  -5.69845201E-04   4.21569421E-04
          99  0.979999363       1.25350357E-06  -9.57591510E-06   4.14391892E-04  -5.95020945E-04   4.15645394E-04
         100  0.989999354       1.16131071E-06  -8.87162423E-06   4.08317137E-04  -6.19891624E-04   4.09478438E-04
         101  0.999999344       1.07589847E-06  -8.21913272E-06   4.01995290E-04  -6.44436630E-04   4.03071201E-04
         102   1.00999939       9.96768108E-07  -7.61463070E-06   3.95429699E-04  -6.68636290E-04   3.96426476E-04
         103   1.01999938       9.23457662E-07  -7.05458888E-06   3.88623914E-04  -6.92471105E-04   3.89547378E-04
         104   1.02999938       8.55539099E-07  -6.53573716E-06   3.81581689E-04  -7.15922390E-04   3.82437225E-04
         105   1.03999937       7.92615822E-07  -6.05504601E-06   3.74306925E-04  -7.38971576E-04   3.75099538E-04
         106   1.04999936       7.34320395E-07  -5.60970875E-06   3.66803753E-04  -7.61600968E-04   3.67538072E-04
         107   1.05999935       6.80312496E-07  -5.19712512E-06   3.59076454E-04  -7.83793512E-04   3.59756756E-04
         108   1.06999934       6.30276759E-07  -4.81488632E-06   3.51129478E-04  -8.05532443E-04   3.51759751E-04
         109   1.07999933       5.83921064E-07  -4.46076047E-06   3.42967454E-04  -8.26801348E-04   3.43551364E-04
         110   1.08999932       5.40974781E-07  -4.13267981E-06   3.34595155E-04  -8.47584510E-04   3.35136137E-04
         111   1.09999931       5.01187117E-07  -3.82872895E-06   3.26017529E-04  -8.67866853E-04   3.26518726E-04
         112   1.10999930       4.64325751E-07  -3.54713302E-06   3.17239639E-04  -8.87633651E-04   3.17703962E-04
         113   1.11999929       4.30175476E-07  -3.28624810E-06   3.08266724E-04  -9.06870351E-04   3.08696908E-04
         114   1.12999928       3.98536883E-07  -3.04455079E-06   2.99104140E-04  -9.25562985E-04   2.99502688E-04
         115   1.13999927       3.69225233E-07  -2.82062979E-06   2.89757387E-04  -9.43698629E-04   2.90126598E-04
         116   1.14999926       3.42069399E-07  -2.61317768E-06   2.80232111E-04  -9.61264072E-04   2.80574168E-04
         117   1.15999925       3.16910842E-07  -2.42098349E-06   2.70534103E-04  -9.78246913E-04   2.70851015E-04
         118   1.16999924       2.93602653E-07  -2.24292467E-06   2.60669214E-04  -9.94635047E-04   2.60962814E-04
         119   1.17999923       2.72008720E-07  -2.07796188E-06   2.50643468E-04  -1.01041736E-03   2.50915473E-04
         120   1.18999922       2.52002991E-07  -1.92513153E-06   2.40462978E-04  -1.02558278E-03   2.40714988E-04
         121   1.19999921       2.33468640E-07  -1.78354173E-06   2.30133955E-04  -1.04012049E-03   2.30367426E-04
         122   1.20999920       2.16297465E-07  -1.65236554E-06   2.19662732E-04  -1.05402048E-03   2.19879032E-04
         123   1.21999919       2.00389195E-07  -1.53083715E-06   2.09055739E-04  -1.06727344E-03   2.09256134E-04
         124   1.22999918       1.85650947E-07  -1.41824705E-06   1.98319482E-04  -1.07987016E-03   1.98505135E-04
         125   1.23999918       1.71996675E-07  -1.31393767E-06   1.87460580E-04  -1.09180168E-03   1.87632584E-04
         126   1.24999917       1.59346641E-07  -1.21730011E-06   1.76485715E-04  -1.10305997E-03   1.76645059E-04
         127   1.25999916       1.47626992E-07  -1.12776991E-06   1.65401667E-04  -1.11363747E-03   1.65549296E-04
         128   1.26999915       1.36769302E-07  -1.04482456E-06   1.54215275E-04  -1.12352695E-03   1.54352048E-04
         129   1.27999914       1.26710177E-07  -9.67979645E-07   1.42933452E-04  -1.13272143E-03   1.43060155E-04
         130   1.28999913       1.17390883E-07  -8.96786560E-07   1.31563182E-04  -1.14121463E-03   1.31680572E-04
         131   1.29999912       1.08757007E-07  -8.30829606E-07   1.20111508E-04  -1.14900095E-03   1.20220262E-04
         132   1.30999911       1.00758136E-07  -7.69723670E-07   1.08585526E-04  -1.15607504E-03   1.08686283E-04
         133   1.31999910       9.33475661E-08  -7.13111945E-07   9.69923785E-05  -1.16243178E-03   9.70857291E-05
         134   1.32999909       8.64820251E-08  -6.60663886E-07   8.53392703E-05  -1.16806698E-03   8.54257523E-05
         135   1.33999908       8.01214384E-08  -6.12073279E-07   7.36334332E-05  -1.17297703E-03   7.37135560E-05
         136   1.34999907       7.42286588E-08  -5.67056475E-07   6.18821286E-05  -1.17715832E-03   6.19563580E-05
         137   1.35999906       6.87692818E-08  -5.25350515E-07   5.00926690E-05  -1.18060759E-03   5.01614377E-05
         138   1.36999905       6.37114326E-08  -4.86711997E-07   3.82723811E-05  -1.18332263E-03   3.83360930E-05
         139   1.37999904       5.90255773E-08  -4.50915252E-07   2.64286209E-05  -1.18530169E-03   2.64876471E-05
         140   1.38999903       5.46843566E-08  -4.17751295E-07   1.45687527E-05  -1.18654326E-03   1.46234370E-05
         141   1.39999902       5.06624254E-08  -3.87026489E-07   2.70015971E-06  -1.18704606E-03   2.75082220E-06
         142   1.40999901       4.69363002E-08  -3.58561408E-07  -9.16976751E-06  -1.18680950E-03  -9.12283122E-06
         143   1.41999900       4.34842242E-08  -3.32189899E-07  -2.10336366E-05  -1.18583394E-03  -2.09901518E-05
         144   1.42999899       4.02860394E-08  -3.07757972E-07  -3.28840579E-05  -1.18411961E-03  -3.28437709E-05
         145   1.43999898       3.73230762E-08  -2.85122951E-07  -4.47136481E-05  -1.18166744E-03  -4.46763261E-05
         146   1.44999897       3.45780329E-08  -2.64152675E-07  -5.65150331E-05  -1.17847847E-03  -5.64804541E-05
         147   1.45999897       3.20348832E-08  -2.44724731E-07  -6.82808532E-05  -1.17455504E-03  -6.82488171E-05
         148   1.46999896       2.96787768E-08  -2.26725689E-07  -8.00037815E-05  -1.16989936E-03  -7.99741028E-05
         149   1.47999895       2.74959575E-08  -2.10050430E-07  -9.16765057E-05  -1.16451387E-03  -9.16490098E-05
         150   1.48999894       2.54736818E-08  -1.94601611E-07  -1.03291743E-04  -1.15840207E-03  -1.03266269E-04
         151   1.49999893       2.36001405E-08  -1.80289021E-07  -1.14842245E-04  -1.15156767E-03  -1.14818642E-04
         152   1.50999892       2.18643947E-08  -1.67029100E-07  -1.26320811E-04  -1.14401511E-03  -1.26298939E-04
         153   1.51999891       2.02563086E-08  -1.54744427E-07  -1.37720272E-04  -1.13574858E-03  -1.37700015E-04
         154   1.52999890       1.87664959E-08  -1.43363266E-07  -1.49033527E-04  -1.12677319E-03  -1.49014755E-04
         155   1.53999889       1.73862560E-08  -1.32819167E-07  -1.60253519E-04  -1.11709477E-03  -1.60236130E-04
         156   1.54999888       1.61075295E-08  -1.23050569E-07  -1.71373234E-04  -1.10671902E-03  -1.71357126E-04
         157   1.55999887       1.49228505E-08  -1.14000436E-07  -1.82385731E-04  -1.09565246E-03  -1.82370815E-04
         158   1.56999886       1.38253027E-08  -1.05615918E-07  -1.93284141E-04  -1.08390185E-03  -1.93270316E-04
         159   1.57999885       1.28084778E-08  -9.78480656E-08  -2.04061653E-04  -1.07147486E-03  -2.04048847E-04
         160   1.58999884       1.18664385E-08  -9.06515254E-08  -2.14711545E-04  -1.05837884E-03  -2.14699685E-04
         161   1.59999883       1.09936842E-08  -8.39842755E-08  -2.25227166E-04  -1.04462192E-03  -2.25216179E-04
         162   1.60999882       1.01851194E-08  -7.78073854E-08  -2.35601954E-04  -1.03021262E-03  -2.35591768E-04
         163   1.61999881       9.43602263E-09  -7.20847950E-08  -2.45829433E-04  -1.01516023E-03  -2.45820003E-04
         164   1.62999880       8.74202044E-09  -6.67830946E-08  -2.55903200E-04  -9.99473850E-04  -2.55894469E-04
         165   1.63999879       8.09906098E-09  -6.18713258E-08  -2.65816983E-04  -9.83163132E-04  -2.65808892E-04
         166   1.64999878       7.50338991E-09  -5.73208041E-08  -2.75564584E-04  -9.66238556E-04  -2.75557075E-04
         167   1.65999877       6.95152957E-09  -5.31049658E-08  -2.85139919E-04  -9.48710483E-04  -2.85132963E-04
         168   1.66999876       6.44025766E-09  -4.91991941E-08  -2.94536992E-04  -9.30589915E-04  -2.94530560E-04
         169   1.67999876       5.96658900E-09  -4.55806841E-08  -3.03749955E-04  -9.11888143E-04  -3.03743989E-04
         170   1.68999875       5.52775736E-09  -4.22283080E-08  -3.12773045E-04  -8.92616576E-04  -3.12767515E-04
         171   1.69999874       5.12120124E-09  -3.91224972E-08  -3.21600615E-04  -8.72787554E-04  -3.21595493E-04
         172   1.70999873       4.74454653E-09  -3.62451118E-08  -3.30227165E-04  -8.52413417E-04  -3.30222421E-04
         173   1.71999872       4.39559411E-09  -3.35793509E-08  -3.38647282E-04  -8.31506622E-04  -3.38642887E-04
         174   1.72999871       4.07230649E-09  -3.11096535E-08  -3.46855726E-04  -8.10080499E-04  -3.46851652E-04
         175   1.73999870       3.77279585E-09  -2.88215976E-08  -3.54847376E-04  -7.88148376E-04  -3.54843593E-04
         176   1.74999869       3.49531382E-09  -2.67018230E-08  -3.62617226E-04  -7.65723875E-04  -3.62613733E-04
         177   1.75999868       3.23824012E-09  -2.47379539E-08  -3.70160444E-04  -7.42821139E-04  -3.70157213E-04
         178   1.76999867       3.00007352E-09  -2.29185240E-08  -3.77472286E-04  -7.19454081E-04  -3.77469289E-04
         179   1.77999866       2.77942380E-09  -2.12329088E-08  -3.84548213E-04  -6.95637718E-04  -3.84545419E-04
         180   1.78999865       2.57500243E-09  -1.96712673E-08  -3.91383801E-04  -6.71386777E-04  -3.91381240E-04
         181   1.79999864       2.38561593E-09  -1.82244815E-08  -3.97974742E-04  -6.46716217E-04  -3.97972355E-04
         182   1.80999863       2.21015828E-09  -1.68841048E-08  -4.04316961E-04  -6.21641753E-04  -4.04314749E-04
         183   1.81999862       2.04760520E-09  -1.56423106E-08  -4.10406472E-04  -5.96178812E-04  -4.10404435E-04
         184   1.82999861       1.89700766E-09  -1.44918486E-08  -4.16239491E-04  -5.70343458E-04  -4.16237599E-04
         185   1.83999860       1.75748638E-09  -1.34260008E-08  -4.21812350E-04  -5.44151757E-04  -4.21810604E-04
         186   1.84999859       1.62822655E-09  -1.24385435E-08  -4.27121588E-04  -5.17620065E-04  -4.27119958E-04
         187   1.85999858       1.50847357E-09  -1.15237127E-08  -4.32163884E-04  -4.90764913E-04  -4.32162371E-04
         188   1.86999857       1.39752820E-09  -1.06761648E-08  -4.36936069E-04  -4.63603064E-04  -4.36934672E-04
         189   1.87999856       1.29474265E-09  -9.89095295E-09  -4.41435172E-04  -4.36151662E-04  -4.41433891E-04
         190   1.88999856       1.19951671E-09  -9.16349219E-09  -4.45658399E-04  -4.08427761E-04  -4.45657206E-04
         191   1.89999855       1.11129450E-09  -8.48953441E-09  -4.49603074E-04  -3.80448590E-04  -4.49601968E-04
         192   1.90999854       1.02956088E-09  -7.86514498E-09  -4.53266781E-04  -3.52231669E-04  -4.53265762E-04
         193   1.91999853       9.53838564E-10  -7.28667837E-09  -4.56647191E-04  -3.23794753E-04  -4.56646230E-04
         194   1.92999852       8.83685514E-10  -6.75075684E-09  -4.59742208E-04  -2.95155478E-04  -4.59741335E-04
         195   1.93999851       8.18692114E-10  -6.25425134E-09  -4.62549884E-04  -2.66331830E-04  -4.62549069E-04
         196   1.94999850       7.58478835E-10  -5.79426285E-09  -4.65068471E-04  -2.37341796E-04  -4.65067715E-04
         197   1.95999849       7.02694125E-10  -5.36810552E-09  -4.67296428E-04  -2.08203535E-04  -4.67295729E-04
         198   1.96999848       6.51012300E-10  -4.97329156E-09  -4.69232327E-04  -1.78935123E-04  -4.69231687E-04
         199   1.97999847       6.03131545E-10  -4.60751526E-09  -4.70874947E-04  -1.49554835E-04  -4.70874336E-04
         200   1.98999846       5.58772362E-10  -4.26864100E-09  -4.72223299E-04  -1.20081233E-04  -4.72222746E-04
         201   1.99999845       5.17675680E-10  -3.95469035E-09  -4.73276508E-04  -9.05325287E-05  -4.73275984E-04
         202   2.00999856       4.79601581E-10  -3.66383013E-09  -4.74033935E-04  -6.09273775E-05  -4.74033470E-04
         203   2.01999855       4.44327797E-10  -3.39436212E-09  -4.74495115E-04  -3.12839256E-05  -4.74494678E-04
         204   2.02999854       4.11648327E-10  -3.14471316E-09  -4.74659755E-04  -1.62090328E-06  -4.74659348E-04
         205   2.03999853       3.81372378E-10  -2.91342550E-09  -4.74527740E-04   2.80430595E-05  -4.74527362E-04
         206   2.04999852       3.53323149E-10  -2.69914868E-09  -4.74099157E-04   5.76891689E-05  -4.74098808E-04
         207   2.05999851       3.27336880E-10  -2.50063126E-09  -4.73374268E-04   8.72993696E-05  -4.73373948E-04
         208   2.06999850       3.03261860E-10  -2.31671438E-09  -4.72353538E-04   1.16855103E-04  -4.72353247E-04
         209   2.07999849       2.80957507E-10  -2.14632445E-09  -4.71037609E-04   1.46337698E-04  -4.71037318E-04
         210   2.08999848       2.60293620E-10  -1.98846628E-09  -4.69427294E-04   1.75728928E-04  -4.69427032E-04
         211   2.09999847       2.41149517E-10  -1.84221838E-09  -4.67523583E-04   2.05010103E-04  -4.67523350E-04
         212   2.10999846       2.23413427E-10  -1.70672676E-09  -4.65327699E-04   2.34163308E-04  -4.65327466E-04
         213   2.11999846       2.06981793E-10  -1.58120017E-09  -4.62840981E-04   2.63170194E-04  -4.62840777E-04
         214   2.12999845       1.91758665E-10  -1.46490586E-09  -4.60064999E-04   2.92012235E-04  -4.60064795E-04
         215   2.13999844       1.77655168E-10  -1.35716482E-09  -4.57001501E-04   3.20671912E-04  -4.57001326E-04
         216   2.14999843       1.64588967E-10  -1.25734789E-09  -4.53652407E-04   3.49131325E-04  -4.53652232E-04
         217   2.15999842       1.52483762E-10  -1.16487231E-09  -4.50019783E-04   3.77372489E-04  -4.50019637E-04
         218   2.16999841       1.41268872E-10  -1.07919818E-09  -4.46105900E-04   4.05377912E-04  -4.46105754E-04
         219   2.17999840       1.30878808E-10  -9.99825223E-10  -4.41913231E-04   4.33129579E-04  -4.41913115E-04
         220   2.18999839       1.21252910E-10  -9.26289934E-10  -4.37444367E-04   4.60610871E-04  -4.37444251E-04
         221   2.19999838       1.12334989E-10  -8.58162985E-10  -4.32702131E-04   4.87804413E-04  -4.32702014E-04
         222   2.20999837       1.04072959E-10  -7.95046695E-10  -4.27689462E-04   5.14692685E-04  -4.27689345E-04
         223   2.21999836       9.64185884E-11  -7.36572470E-10  -4.22409503E-04   5.41259360E-04  -4.22409415E-04
         224   2.22999835       8.93271845E-11  -6.82398971E-10  -4.16865543E-04   5.67488081E-04  -4.16865456E-04
         225   2.23999834       8.27573357E-11  -6.32209840E-10  -4.11061046E-04   5.93362027E-04  -4.11060959E-04
         226   2.24999833       7.66706906E-11  -5.85711979E-10  -4.04999650E-04   6.18865190E-04  -4.04999562E-04
         227   2.25999832       7.10317083E-11  -5.42633938E-10  -3.98685166E-04   6.43981271E-04  -3.98685108E-04
         228   2.26999831       6.58074567E-11  -5.02724251E-10  -3.92121496E-04   6.68695080E-04  -3.92121437E-04
         229   2.27999830       6.09674394E-11  -4.65749828E-10  -3.85312771E-04   6.92991074E-04  -3.85312713E-04
         230   2.28999829       5.64833978E-11  -4.31494784E-10  -3.78263241E-04   7.16853596E-04  -3.78263183E-04
         231   2.29999828       5.23291480E-11  -3.99759142E-10  -3.70977301E-04   7.40268268E-04  -3.70977243E-04
         232   2.30999827       4.84804384E-11  -3.70357606E-10  -3.63459520E-04   7.63220538E-04  -3.63459461E-04
         233   2.31999826       4.49147941E-11  -3.43118478E-10  -3.55714583E-04   7.85695738E-04  -3.55714525E-04
         234   2.32999825       4.16113949E-11  -3.17882776E-10  -3.47747351E-04   8.07679957E-04  -3.47747322E-04
         235   2.33999825       3.85509541E-11  -2.94503089E-10  -3.39562772E-04   8.29159108E-04  -3.39562743E-04
         236   2.34999824       3.57156041E-11  -2.72842943E-10  -3.31165997E-04   8.50120268E-04  -3.31165968E-04
         237   2.35999823       3.30887887E-11  -2.52775856E-10  -3.22562235E-04   8.70550284E-04  -3.22562206E-04
         238   2.36999822       3.06551694E-11  -2.34184672E-10  -3.13756871E-04   8.90435709E-04  -3.13756842E-04
         239   2.37999821       2.84005389E-11  -2.16960824E-10  -3.04755435E-04   9.09764844E-04  -3.04755406E-04
         240   2.38999820       2.63117323E-11  -2.01003755E-10  -2.95563543E-04   9.28525638E-04  -2.95563514E-04
         241   2.39999819       2.43765529E-11  -1.86220303E-10  -2.86186929E-04   9.46706103E-04  -2.86186900E-04
         242   2.40999818       2.25837023E-11  -1.72524148E-10  -2.76631443E-04   9.64295003E-04  -2.76631414E-04
         243   2.41999817       2.09227132E-11  -1.59835312E-10  -2.66903080E-04   9.81280813E-04  -2.66903051E-04
         244   2.42999816       1.93838869E-11  -1.48079715E-10  -2.57007923E-04   9.97653580E-04  -2.57007894E-04
         245   2.43999815       1.79582391E-11  -1.37188733E-10  -2.46952142E-04   1.01340306E-03  -2.46952113E-04
         246   2.44999814       1.66374449E-11  -1.27098762E-10  -2.36742024E-04   1.02851877E-03  -2.36742009E-04
         247   2.45999813       1.54137918E-11  -1.17750892E-10  -2.26383956E-04   1.04299188E-03  -2.26383941E-04
         248   2.46999812       1.42801361E-11  -1.09090535E-10  -2.15884400E-04   1.05681340E-03  -2.15884385E-04
         249   2.47999811       1.32298590E-11  -1.01067127E-10  -2.05249919E-04   1.06997439E-03  -2.05249904E-04
         250   2.48999810       1.22568275E-11  -9.36338299E-11  -1.94487162E-04   1.08246668E-03  -1.94487147E-04
         251   2.49999809       1.13553611E-11  -8.67472344E-11  -1.83602853E-04   1.09428214E-03  -1.83602839E-04
         252   2.50999808       1.05201958E-11  -8.03671435E-11  -1.72603803E-04   1.10541389E-03  -1.72603788E-04
         253   2.51999807       9.74645538E-12  -7.44562953E-11  -1.61496879E-04   1.11585506E-03  -1.61496864E-04
         254   2.52999806       9.02962167E-12  -6.89801688E-11  -1.50289023E-04   1.12559833E-03  -1.50289008E-04
         255   2.53999805       8.36550967E-12  -6.39068104E-11  -1.38987249E-04   1.13463833E-03  -1.38987234E-04
         256   2.54999804       7.75024229E-12  -5.92065841E-11  -1.27598614E-04   1.14296947E-03  -1.27598600E-04
         257   2.55999804       7.18022647E-12  -5.48520500E-11  -1.16130235E-04   1.15058618E-03  -1.16130228E-04
         258   2.56999803       6.65213414E-12  -5.08177840E-11  -1.04589271E-04   1.15748390E-03  -1.04589264E-04
         259   2.57999802       6.16288227E-12  -4.70802321E-11  -9.29829475E-05   1.16365787E-03  -9.29829403E-05
         260   2.58999801       5.70961377E-12  -4.36175679E-11  -8.13185106E-05   1.16910494E-03  -8.13185034E-05
         261   2.59999800       5.28968232E-12  -4.04095785E-11  -6.96032512E-05   1.17382139E-03  -6.96032439E-05
         262   2.60999799       4.90063632E-12  -3.74375288E-11  -5.78444924E-05   1.17780373E-03  -5.78444888E-05
         263   2.61999798       4.54020372E-12  -3.46840681E-11  -4.60495867E-05   1.18105020E-03  -4.60495830E-05
         264   2.62999797       4.20628029E-12  -3.21331191E-11  -3.42259009E-05   1.18355884E-03  -3.42258973E-05
         265   2.63999796       3.89691621E-12  -2.97697908E-11  -2.23808238E-05   1.18532777E-03  -2.23808202E-05
         266   2.64999795       3.61030541E-12  -2.75802783E-11  -1.05217596E-05   1.18635595E-03  -1.05217559E-05
         267   2.65999794       3.34477411E-12  -2.55518003E-11   1.34388029E-06   1.18664233E-03   1.34388358E-06
         268   2.66999793       3.09877232E-12  -2.36725136E-11   1.32086798E-05   1.18618738E-03   1.32086825E-05
         269   2.67999792       2.87086349E-12  -2.19314445E-11   2.50652265E-05   1.18499133E-03   2.50652301E-05
         270   2.68999791       2.65971685E-12  -2.03184275E-11   3.69061090E-05   1.18305406E-03   3.69061127E-05
         271   2.69999790       2.46409967E-12  -1.88240465E-11   4.87239231E-05   1.18037767E-03   4.87239267E-05
         272   2.70999789       2.28286964E-12  -1.74395724E-11   6.05112873E-05   1.17696379E-03   6.05112909E-05
         273   2.71999788       2.11496879E-12  -1.61569248E-11   7.22608384E-05   1.17281429E-03   7.22608384E-05
         274   2.72999787       1.95941679E-12  -1.49686132E-11   8.39652275E-05   1.16793194E-03   8.39652275E-05
         275   2.73999786       1.81530528E-12  -1.38676987E-11   9.56171425E-05   1.16231933E-03   9.56171425E-05
         276   2.74999785       1.68179294E-12  -1.28477550E-11   1.07209300E-04   1.15598051E-03   1.07209300E-04
         277   2.75999784       1.55810022E-12  -1.19028268E-11   1.18734453E-04   1.14891934E-03   1.18734453E-04
         278   2.76999784       1.44350482E-12  -1.10273960E-11   1.30185406E-04   1.14113966E-03   1.30185406E-04
         279   2.77999783       1.33733779E-12  -1.02163512E-11   1.41554992E-04   1.13264704E-03   1.41554992E-04
         280   2.78999782       1.23897908E-12  -9.46495833E-12   1.52836117E-04   1.12344685E-03   1.52836117E-04
         281   2.79999781       1.14785449E-12  -8.76882768E-12   1.64021723E-04   1.11354433E-03   1.64021723E-04
         282   2.80999780       1.06343189E-12  -8.12389739E-12   1.75104811E-04   1.10294600E-03   1.75104811E-04
         283   2.81999779       9.85218417E-13  -7.52639964E-12   1.86078469E-04   1.09165814E-03   1.86078469E-04
         284   2.82999778       9.12757500E-13  -6.97284678E-12   1.96935827E-04   1.07968820E-03   1.96935827E-04
         285   2.83999777       8.45625924E-13  -6.46000701E-12   2.07670120E-04   1.06704363E-03   2.07670120E-04
         286   2.84999776       7.83431750E-13  -5.98488576E-12   2.18274625E-04   1.05373177E-03   2.18274625E-04
         287   2.85999775       7.25811826E-13  -5.54470879E-12   2.28742705E-04   1.03976147E-03   2.28742705E-04
         288   2.86999774       6.72429723E-13  -5.13690609E-12   2.39067827E-04   1.02514168E-03   2.39067827E-04
         289   2.87999773       6.22973786E-13  -4.75909633E-12   2.49243545E-04   1.00988103E-03   2.49243545E-04
         290   2.88999772       5.77155240E-13  -4.40907380E-12   2.59263499E-04   9.93989408E-04   2.59263499E-04
         291   2.89999771       5.34706556E-13  -4.08479457E-12   2.69121432E-04   9.77476244E-04   2.69121432E-04
         292   2.90999770       4.95379887E-13  -3.78436562E-12   2.78811174E-04   9.60352249E-04   2.78811174E-04
         293   2.91999769       4.58945599E-13  -3.50603270E-12   2.88326642E-04   9.42628307E-04   2.88326642E-04
         294   2.92999768       4.25190997E-13  -3.24817040E-12   2.97661929E-04   9.24314954E-04   2.97661929E-04
         295   2.93999767       3.93919001E-13  -3.00927339E-12   3.06811184E-04   9.05424124E-04   3.06811184E-04
         296   2.94999766       3.64947005E-13  -2.78794696E-12   3.15768702E-04   8.85967456E-04   3.15768702E-04
         297   2.95999765       3.38105845E-13  -2.58289874E-12   3.24528868E-04   8.65957059E-04   3.24528868E-04
         298   2.96999764       3.13238801E-13  -2.39293134E-12   3.33086209E-04   8.45405506E-04   3.33086209E-04
         299   2.97999763       2.90200671E-13  -2.21693584E-12   3.41435400E-04   8.24325369E-04   3.41435400E-04
         300   2.98999763       2.68856958E-13  -2.05388441E-12   3.49571201E-04   8.02730152E-04   3.49571201E-04
         301   2.99999762       2.49083035E-13  -1.90282512E-12   3.57488520E-04   7.80633476E-04   3.57488520E-04
         302   3.00999761       2.30763434E-13  -1.76287587E-12   3.65182437E-04   7.58048729E-04   3.65182437E-04
         303   3.01999760       2.13791211E-13  -1.63321960E-12   3.72648123E-04   7.34990230E-04   3.72648123E-04
         304   3.02999759       1.98067271E-13  -1.51309932E-12   3.79880919E-04   7.11472472E-04   3.79880919E-04
         305   3.03999758       1.83499795E-13  -1.40181367E-12   3.86876287E-04   6.87510008E-04   3.86876287E-04
         306   3.04999757       1.70003727E-13  -1.29871287E-12   3.93629889E-04   6.63117913E-04   3.93629889E-04
         307   3.05999756       1.57500274E-13  -1.20319499E-12   4.00137476E-04   6.38311205E-04   4.00137476E-04
         308   3.06999755       1.45916428E-13  -1.11470230E-12   4.06394975E-04   6.13105716E-04   4.06394975E-04
         309   3.07999754       1.35184547E-13  -1.03271807E-12   4.12398513E-04   5.87517163E-04   4.12398513E-04
         310   3.08999753       1.25241980E-13  -9.56763531E-13   4.18144307E-04   5.61561319E-04   4.18144307E-04
         311   3.09999752       1.16030666E-13  -8.86395395E-13   4.23628779E-04   5.35254600E-04   4.23628779E-04
         312   3.10999751       1.07496829E-13  -8.21202698E-13   4.28848492E-04   5.08613419E-04   4.28848492E-04
         313   3.11999750       9.95906374E-14  -7.60804776E-13   4.33800189E-04   4.81654250E-04   4.33800189E-04
         314   3.12999749       9.22659301E-14  -7.04848994E-13   4.38480783E-04   4.54394118E-04   4.38480783E-04
         315   3.13999748       8.54799426E-14  -6.53008680E-13   4.42887336E-04   4.26849932E-04   4.42887336E-04
         316   3.14999747       7.91930540E-14  -6.04981126E-13   4.47017082E-04   3.99038981E-04   4.47017082E-04
         317   3.15999746       7.33685505E-14  -5.60485902E-13   4.50867461E-04   3.70978727E-04   4.50867461E-04
         318   3.16999745       6.79724289E-14  -5.19263181E-13   4.54436085E-04   3.42686544E-04   4.54436085E-04
         319   3.17999744       6.29731862E-14  -4.81072322E-13   4.57720686E-04   3.14180215E-04   4.57720686E-04
         320   3.18999743       5.83416236E-14  -4.45690360E-13   4.60719224E-04   2.85477610E-04   4.60719224E-04
         321   3.19999743       5.40507072E-14  -4.12910672E-13   4.63429838E-04   2.56596511E-04   4.63429838E-04
         322   3.20999742       5.00753783E-14  -3.82541871E-13   4.65850811E-04   2.27555094E-04   4.65850811E-04
         323   3.21999741       4.63924282E-14  -3.54406635E-13   4.67980659E-04   1.98371476E-04   4.67980659E-04
         324   3.22999740       4.29803525E-14  -3.28340680E-13   4.69818042E-04   1.69063802E-04   4.69818042E-04
         325   3.23999739       3.98192289E-14  -3.04191839E-13   4.71361796E-04   1.39650554E-04   4.71361796E-04
         326   3.24999738       3.68905989E-14  -2.81819110E-13   4.72610962E-04   1.10149980E-04   4.72610962E-04
         327   3.25999737       3.41773661E-14  -2.61091848E-13   4.73564753E-04   8.05803938E-05   4.73564753E-04
         328   3.26999736       3.16636840E-14  -2.41889028E-13   4.74222586E-04   5.09606107E-05   4.74222586E-04
         329   3.27999735       2.93348787E-14  -2.24098545E-13   4.74584056E-04   2.13092626E-05   4.74584056E-04
         330   3.28999734       2.71773537E-14  -2.07616517E-13   4.74648929E-04  -8.35579704E-06   4.74648929E-04
         331   3.29999733       2.51785101E-14  -1.92346708E-13   4.74417146E-04  -3.80153942E-05   4.74417146E-04
         332   3.30999732       2.33266775E-14  -1.78199971E-13   4.73888882E-04  -6.76510681E-05   4.73888882E-04
         333   3.31999731       2.16110445E-14  -1.65093687E-13   4.73064458E-04  -9.72448979E-05   4.73064458E-04
         334   3.32999730       2.00215922E-14  -1.52951355E-13   4.71944368E-04  -1.26777755E-04   4.71944368E-04
         335   3.33999729       1.85490424E-14  -1.41702066E-13   4.70529340E-04  -1.56231559E-04   4.70529340E-04
         336   3.34999728       1.71847959E-14  -1.31280146E-13   4.68820246E-04  -1.85587618E-04   4.68820246E-04
         337   3.35999727       1.59208855E-14  -1.21624743E-13   4.66818165E-04  -2.14827494E-04   4.66818165E-04
         338   3.36999726       1.47499336E-14  -1.12679472E-13   4.64524317E-04  -2.43933580E-04   4.64524317E-04
         339   3.37999725       1.36651038E-14  -1.04392108E-13   4.61940159E-04  -2.72886886E-04   4.61940159E-04
         340   3.38999724       1.26600611E-14  -9.67142626E-14   4.59067320E-04  -3.01669847E-04   4.59067320E-04
         341   3.39999723       1.17289372E-14  -8.96011103E-14   4.55907575E-04  -3.30264069E-04   4.55907575E-04
         342   3.40999722       1.08662960E-14  -8.30111194E-14   4.52462904E-04  -3.58651683E-04   4.52462904E-04
         343   3.41999722       1.00671001E-14  -7.69058076E-14   4.48735460E-04  -3.86815751E-04   4.48735460E-04
         344   3.42999721       9.32668402E-15  -7.12495248E-14   4.44727571E-04  -4.14737704E-04   4.44727571E-04
         345   3.43999720       8.64072370E-15  -6.60092573E-14   4.40441741E-04  -4.42400051E-04   4.40441741E-04
         346   3.44999719       8.00521436E-15  -6.11543964E-14   4.35880647E-04  -4.69786639E-04   4.35880647E-04
         347   3.45999718       7.41644600E-15  -5.66566041E-14   4.31047141E-04  -4.96879278E-04   4.31047141E-04
         348   3.46999717       6.87098050E-15  -5.24896153E-14   4.25944250E-04  -5.23661030E-04   4.25944250E-04
         349   3.47999716       6.36563302E-15  -4.86291034E-14   4.20575147E-04  -5.50116296E-04   4.20575147E-04
         350   3.48999715       5.89745250E-15  -4.50525271E-14   4.14943206E-04  -5.76227205E-04   4.14943206E-04
         351   3.49999714       5.46370598E-15  -4.17389986E-14   4.09051951E-04  -6.01978390E-04   4.09051951E-04
         352   3.50999713       5.06186042E-15  -3.86691750E-14   4.02905047E-04  -6.27353089E-04   4.02905047E-04
         353   3.51999712       4.68956996E-15  -3.58251298E-14   3.96506337E-04  -6.52335526E-04   3.96506337E-04
         354   3.52999711       4.34466069E-15  -3.31902576E-14   3.89859808E-04  -6.76910917E-04   3.89859808E-04
         355   3.53999710       4.02511920E-15  -3.07491764E-14   3.82969651E-04  -7.01062789E-04   3.82969651E-04
         356   3.54999709       3.72907907E-15  -2.84876323E-14   3.75840144E-04  -7.24776764E-04   3.75840144E-04
         357   3.55999708       3.45481234E-15  -2.63924184E-14   3.68475739E-04  -7.48037535E-04   3.68475739E-04
         358   3.56999707       3.20071728E-15  -2.44513052E-14   3.60881066E-04  -7.70830433E-04   3.60881066E-04
         359   3.57999706       2.96531052E-15  -2.26529577E-14   3.53060837E-04  -7.93142535E-04   3.53060837E-04
         360   3.58999705       2.74721753E-15  -2.09868743E-14   3.45019973E-04  -8.14958359E-04   3.45019973E-04
         361   3.59999704       2.54516481E-15  -1.94433296E-14   3.36763478E-04  -8.36264400E-04   3.36763478E-04
         362   3.60999703       2.35797265E-15  -1.80133093E-14   3.28296504E-04  -8.57048726E-04   3.28296504E-04
         363   3.61999702       2.18454816E-15  -1.66884634E-14   3.19624378E-04  -8.77296843E-04   3.19624378E-04
         364   3.62999701       2.02387871E-15  -1.54610584E-14   3.10752483E-04  -8.96996353E-04   3.10752483E-04
         365   3.63999701       1.87502623E-15  -1.43239268E-14   3.01686377E-04  -9.16136138E-04   3.01686377E-04
         366   3.64999700       1.73712153E-15  -1.32704288E-14   2.92431738E-04  -9.34702926E-04   2.92431738E-04
         367   3.65999699       1.60935953E-15  -1.22944130E-14   2.82994326E-04  -9.52685950E-04   2.82994326E-04
         368   3.66999698       1.49099419E-15  -1.13901816E-14   2.73380050E-04  -9.70073219E-04   2.73380050E-04
         369   3.67999697       1.38133434E-15  -1.05524550E-14   2.63594935E-04  -9.86853847E-04   2.63594935E-04
         370   3.68999696       1.27973983E-15  -9.77634162E-15   2.53645092E-04  -1.00301858E-03   2.53645092E-04
         371   3.69999695       1.18561743E-15  -9.05731060E-15   2.43536721E-04  -1.01855595E-03   2.43536721E-04
         372   3.70999694       1.09841750E-15  -8.39116239E-15   2.33276136E-04  -1.03345723E-03   2.33276136E-04
         373   3.71999693       1.01763099E-15  -7.77400825E-15   2.22869770E-04  -1.04771229E-03   2.22869770E-04
         374   3.72999692       9.42786104E-16  -7.20224492E-15   2.12324114E-04  -1.06131216E-03   2.12324114E-04
         375   3.73999691       8.73445976E-16  -6.67253338E-15   2.01645758E-04  -1.07424962E-03   2.01645758E-04
         376   3.74999690       8.09205673E-16  -6.18178113E-15   1.90841383E-04  -1.08651514E-03   1.90841383E-04
         377   3.75999689       7.49690121E-16  -5.72712264E-15   1.79917741E-04  -1.09810103E-03   1.79917741E-04
         378   3.76999688       6.94551823E-16  -5.30590374E-15   1.68881656E-04  -1.10900169E-03   1.68881656E-04
         379   3.77999687       6.43468854E-16  -4.91566465E-15   1.57740025E-04  -1.11920875E-03   1.57740025E-04
         380   3.78999686       5.96142953E-16  -4.55412685E-15   1.46499820E-04  -1.12871581E-03   1.46499820E-04
         381   3.79999685       5.52297775E-16  -4.21917953E-15   1.35168055E-04  -1.13751856E-03   1.35168055E-04
         382   3.80999684       5.11677304E-16  -3.90886689E-15   1.23751815E-04  -1.14560989E-03   1.23751815E-04
         383   3.81999683       4.74044424E-16  -3.62137713E-15   1.12258233E-04  -1.15298561E-03   1.12258233E-04
         384   3.82999682       4.39179330E-16  -3.35503165E-15   1.00694495E-04  -1.15964038E-03   1.00694495E-04
         385   3.83999681       4.06878523E-16  -3.10827528E-15   8.90678202E-05  -1.16557011E-03   8.90678202E-05
         386   3.84999681       3.76953378E-16  -2.87966744E-15   7.73854845E-05  -1.17077236E-03   7.73854845E-05
         387   3.85999680       3.49229170E-16  -2.66787342E-15   6.56547854E-05  -1.17524224E-03   6.56547854E-05
         388   3.86999679       3.23544034E-16  -2.47165633E-15   5.38830500E-05  -1.17897813E-03   5.38830500E-05
         389   3.87999678       2.99747966E-16  -2.28987078E-15   4.20776378E-05  -1.18197675E-03   4.20776378E-05
         390   3.88999677       2.77702055E-16  -2.12145500E-15   3.02459302E-05  -1.18423637E-03   3.02459302E-05
         391   3.89999676       2.57277576E-16  -1.96542603E-15   1.83953198E-05  -1.18575676E-03   1.83953198E-05
         392   3.90999675       2.38355283E-16  -1.82087266E-15   6.53321058E-06  -1.18653546E-03   6.53321058E-06
         393   3.91999674       2.20824692E-16  -1.68695082E-15  -5.33297680E-06  -1.18657213E-03  -5.33297680E-06
         394   3.92999673       2.04583444E-16  -1.56287870E-15  -1.71958309E-05  -1.18586817E-03  -1.71958309E-05
         395   3.93999672       1.89536711E-16  -1.44793178E-15  -2.90479402E-05  -1.18442252E-03  -2.90479402E-05
         396   3.94999671       1.75596640E-16  -1.34143909E-15  -4.08818887E-05  -1.18223624E-03  -4.08818887E-05
         397   3.95999670       1.62681836E-16  -1.24277870E-15  -5.26902877E-05  -1.17931212E-03  -5.26902877E-05
         398   3.96999669       1.50716887E-16  -1.15137464E-15  -6.44657557E-05  -1.17565051E-03  -6.44657557E-05
         399   3.97999668       1.39631939E-16  -1.06669315E-15  -7.62009367E-05  -1.17125455E-03  -7.62009367E-05
         400   3.98999667       1.29362273E-16  -9.88239904E-16  -8.78884966E-05  -1.16612623E-03  -8.78884966E-05
         401   3.99999666       1.19847923E-16  -9.15556642E-16  -9.95211303E-05  -1.16026890E-03  -9.95211303E-05
         402   4.00999689       1.11033327E-16  -8.48219164E-16  -1.11091569E-04  -1.15368713E-03  -1.11091569E-04
         403   4.01999712       1.02867036E-16  -7.85834234E-16  -1.22592581E-04  -1.14638498E-03  -1.22592581E-04
         404   4.02999735       9.53013577E-17  -7.28037577E-16  -1.34016984E-04  -1.13836653E-03  -1.34016984E-04
         405   4.03999758       8.82921204E-17  -6.74491754E-16  -1.45357655E-04  -1.12963666E-03  -1.45357655E-04
         406   4.04999781       8.17984019E-17  -6.24884157E-16  -1.56607493E-04  -1.12020085E-03  -1.56607493E-04
         407   4.05999804       7.57822842E-17  -5.78925102E-16  -1.67759470E-04  -1.11006480E-03  -1.67759470E-04
         408   4.06999826       7.02086419E-17  -5.36346239E-16  -1.78806615E-04  -1.09923491E-03  -1.78806615E-04
         409   4.07999849       6.50449306E-17  -4.96899014E-16  -1.89742015E-04  -1.08771794E-03  -1.89742015E-04
         410   4.08999872       6.02610010E-17  -4.60353037E-16  -2.00558847E-04  -1.07552100E-03  -2.00558847E-04
         411   4.09999895       5.58289209E-17  -4.26494959E-16  -2.11250343E-04  -1.06265175E-03  -2.11250343E-04
         412   4.10999918       5.17228096E-17  -3.95127079E-16  -2.21809809E-04  -1.04911835E-03  -2.21809809E-04
         413   4.11999941       4.79186953E-17  -3.66066252E-16  -2.32230668E-04  -1.03492907E-03  -2.32230668E-04
         414   4.12999964       4.43943666E-17  -3.39142781E-16  -2.42506387E-04  -1.02009298E-03  -2.42506387E-04
         415   4.13999987       4.11292432E-17  -3.14199460E-16  -2.52630562E-04  -1.00461917E-03  -2.52630562E-04
         416   4.15000010       3.81042635E-17  -2.91090681E-16  -2.62596848E-04  -9.88517422E-04  -2.62596848E-04
         417   4.16000032       3.53017657E-17  -2.69681500E-16  -2.72399018E-04  -9.71797796E-04  -2.72399018E-04
         418   4.17000055       3.27053880E-17  -2.49846926E-16  -2.82030931E-04  -9.54470772E-04  -2.82030931E-04
         419   4.18000078       3.02999666E-17  -2.31471155E-16  -2.91486591E-04  -9.36547178E-04  -2.91486591E-04
         420   4.19000101       2.80714593E-17  -2.14446878E-16  -3.00760090E-04  -9.18038189E-04  -3.00760090E-04
         421   4.20000124       2.60068562E-17  -1.98674701E-16  -3.09845607E-04  -8.98955448E-04  -3.09845607E-04
         422   4.21000147       2.40941003E-17  -1.84062562E-16  -3.18737497E-04  -8.79310828E-04  -3.18737497E-04
         423   4.22000170       2.23220247E-17  -1.70525096E-16  -3.27430171E-04  -8.59116553E-04  -3.27430171E-04
         424   4.23000193       2.06802813E-17  -1.57983291E-16  -3.35918216E-04  -8.38385196E-04  -3.35918216E-04
         425   4.24000216       1.91592847E-17  -1.46363918E-16  -3.44196305E-04  -8.17129854E-04  -3.44196305E-04
         426   4.25000238       1.77501544E-17  -1.35599122E-16  -3.52259289E-04  -7.95363740E-04  -3.52259289E-04
         427   4.26000261       1.64446633E-17  -1.25626064E-16  -3.60102102E-04  -7.73100590E-04  -3.60102102E-04
         428   4.27000284       1.52351895E-17  -1.16386496E-16  -3.67719855E-04  -7.50354258E-04  -3.67719855E-04
         429   4.28000307       1.41146692E-17  -1.07826487E-16  -3.75107804E-04  -7.27138948E-04  -3.75107804E-04
         430   4.29000330       1.30765616E-17  -9.98960482E-17  -3.82261322E-04  -7.03469093E-04  -3.82261322E-04
         431   4.30000353       1.21148045E-17  -9.25488778E-17  -3.89175926E-04  -6.79359538E-04  -3.89175926E-04
         432   4.31000376       1.12237838E-17  -8.57420748E-17  -3.95847310E-04  -6.54825359E-04  -3.95847310E-04
         433   4.32000399       1.03982956E-17  -7.94359078E-17  -4.02271282E-04  -6.29881863E-04  -4.02271282E-04
         434   4.33000422       9.63352078E-18  -7.35935444E-17  -4.08443826E-04  -6.04544592E-04  -4.08443826E-04
         435   4.34000444       8.92499343E-18  -6.81808782E-17  -4.14361100E-04  -5.78829553E-04  -4.14361100E-04
         436   4.35000467       8.26857681E-18  -6.31663041E-17  -4.20019409E-04  -5.52752754E-04  -4.20019409E-04
         437   4.36000490       7.66043859E-18  -5.85205402E-17  -4.25415201E-04  -5.26330434E-04  -4.25415201E-04
         438   4.37000513       7.09702768E-18  -5.42164647E-17  -4.30545129E-04  -4.99579241E-04  -4.30545129E-04
         439   4.38000536       6.57505479E-18  -5.02289446E-17  -4.35405964E-04  -4.72515705E-04  -4.35405964E-04
         440   4.39000559       6.09147177E-18  -4.65346997E-17  -4.39994677E-04  -4.45156911E-04  -4.39994677E-04
         441   4.40000582       5.64345545E-18  -4.31121605E-17  -4.44308389E-04  -4.17519797E-04  -4.44308389E-04
         442   4.41000605       5.22838986E-18  -3.99413423E-17  -4.48344421E-04  -3.89621797E-04  -4.48344421E-04
         443   4.42000628       4.84385179E-18  -3.70037328E-17  -4.52100241E-04  -3.61480197E-04  -4.52100241E-04
         444   4.43000650       4.48759544E-18  -3.42821795E-17  -4.55573492E-04  -3.33112577E-04  -4.55573492E-04
         445   4.44000673       4.15754128E-18  -3.17607875E-17  -4.58762021E-04  -3.04536923E-04  -4.58762021E-04
         446   4.45000696       3.85176197E-18  -2.94248426E-17  -4.61663818E-04  -2.75770959E-04  -4.61663818E-04
         447   4.46000719       3.56847205E-18  -2.72606999E-17  -4.64277080E-04  -2.46832526E-04  -4.64277080E-04
         448   4.47000742       3.30601757E-18  -2.52557266E-17  -4.66600177E-04  -2.17739798E-04  -4.66600177E-04
         449   4.48000765       3.06286617E-18  -2.33982148E-17  -4.68631624E-04  -1.88510996E-04  -4.68631624E-04
         450   4.49000788       2.83759801E-18  -2.16773201E-17  -4.70370200E-04  -1.59164498E-04  -4.70370200E-04
         451   4.50000811       2.62889807E-18  -2.00829940E-17  -4.71814797E-04  -1.29718435E-04  -4.71814797E-04
         452   4.51000834       2.43554749E-18  -1.86059274E-17  -4.72964515E-04  -1.00191312E-04  -4.72964515E-04
         453   4.52000856       2.25641760E-18  -1.72374960E-17  -4.73818625E-04  -7.06015053E-05  -4.73818625E-04
         454   4.53000879       2.09046242E-18  -1.59697110E-17  -4.74376604E-04  -4.09675922E-05  -4.74376604E-04
         455   4.54000902       1.93671292E-18  -1.47951692E-17  -4.74638102E-04  -1.13081242E-05  -4.74638102E-04
         456   4.55000925       1.79427138E-18  -1.37070131E-17  -4.74602944E-04   1.83584998E-05  -4.74602944E-04
         457   4.56000948       1.66230609E-18  -1.26988883E-17  -4.74271161E-04   4.80135495E-05  -4.74271161E-04
         458   4.57000971       1.54004662E-18  -1.17649088E-17  -4.73642955E-04   7.76386223E-05  -4.73642955E-04
         459   4.58000994       1.42677913E-18  -1.08996216E-17  -4.72718733E-04   1.07215092E-04  -4.72718733E-04
         460   4.59001017       1.32184217E-18  -1.00979752E-17  -4.71499050E-04   1.36724659E-04  -4.71499050E-04
         461   4.60001040       1.22462311E-18  -9.35528782E-18  -4.69984690E-04   1.66148660E-04  -4.69984690E-04
         462   4.61001062       1.13455441E-18  -8.66722410E-18  -4.68176586E-04   1.95468863E-04  -4.68176586E-04
         463   4.62001085       1.05111009E-18  -8.02976646E-18  -4.66075900E-04   2.24666888E-04  -4.66075900E-04
         464   4.63001108       9.73802926E-19  -7.43919259E-18  -4.63683915E-04   2.53724545E-04  -4.63683915E-04
         465   4.64001131       9.02181492E-19  -6.89205356E-18  -4.61002113E-04   2.82623718E-04  -4.61002113E-04
         466   4.65001154       8.35827752E-19  -6.38515604E-18  -4.58032184E-04   3.11346201E-04  -4.58032184E-04
         467   4.66001177       7.74354170E-19  -5.91553996E-18  -4.54775989E-04   3.39874008E-04  -4.54775989E-04
         468   4.67001200       7.17401855E-19  -5.48046281E-18  -4.51235566E-04   3.68189358E-04  -4.51235566E-04
         469   4.68001223       6.64638278E-19  -5.07738473E-18  -4.47413127E-04   3.96274670E-04  -4.47413127E-04
         470   4.69001245       6.15755368E-19  -4.70395280E-18  -4.43311059E-04   4.24112397E-04  -4.43311059E-04
         471   4.70001268       5.70467694E-19  -4.35798575E-18  -4.38931922E-04   4.51684988E-04  -4.38931922E-04
         472   4.71001291       5.28510871E-19  -4.03746402E-18  -4.34278452E-04   4.78975300E-04  -4.34278452E-04
         473   4.72001314       4.89639896E-19  -3.74051611E-18  -4.29353560E-04   5.05966251E-04  -4.29353560E-04
         474   4.73001337       4.53627812E-19  -3.46540804E-18  -4.24160331E-04   5.32641017E-04  -4.24160331E-04
         475   4.74001360       4.20264336E-19  -3.21053384E-18  -4.18701995E-04   5.58982894E-04  -4.18701995E-04
         476   4.75001383       3.89354690E-19  -2.97440500E-18  -4.12981986E-04   5.84975234E-04  -4.12981986E-04
         477   4.76001406       3.60718369E-19  -2.75564323E-18  -4.07003856E-04   6.10602146E-04  -4.07003856E-04
         478   4.77001429       3.34188205E-19  -2.55297074E-18  -4.00771358E-04   6.35847449E-04  -4.00771358E-04
         479   4.78001451       3.09609283E-19  -2.36520467E-18  -3.94288363E-04   6.60695368E-04  -3.94288363E-04
         480   4.79001474       2.86838112E-19  -2.19124818E-18  -3.87558946E-04   6.85130246E-04  -3.87558946E-04
         481   4.80001497       2.65741698E-19  -2.03008610E-18  -3.80587298E-04   7.09136890E-04  -3.80587298E-04
         482   4.81001520       2.46196893E-19  -1.88077710E-18  -3.73377785E-04   7.32700399E-04  -3.73377785E-04
         483   4.82001543       2.28089574E-19  -1.74244934E-18  -3.65934917E-04   7.55805930E-04  -3.65934917E-04
         484   4.83001566       2.11314015E-19  -1.61429539E-18  -3.58263351E-04   7.78439105E-04  -3.58263351E-04
         485   4.84001589       1.95772261E-19  -1.49556705E-18  -3.50367860E-04   8.00585782E-04  -3.50367860E-04
         486   4.85001612       1.81373579E-19  -1.38557085E-18  -3.42253392E-04   8.22231988E-04  -3.42253392E-04
         487   4.86001635       1.68033896E-19  -1.28366468E-18  -3.33925011E-04   8.43364396E-04  -3.33925011E-04
         488   4.87001657       1.55675314E-19  -1.18925359E-18  -3.25387926E-04   8.63969733E-04  -3.25387926E-04
         489   4.88001680       1.44225686E-19  -1.10178627E-18  -3.16647493E-04   8.84034962E-04  -3.16647493E-04
         490   4.89001703       1.33618155E-19  -1.02075194E-18  -3.07709153E-04   9.03547741E-04  -3.07709153E-04
         491   4.90001726       1.23790784E-19  -9.45677544E-19  -2.98578496E-04   9.22495848E-04  -2.98578496E-04
         492   4.91001749       1.14686201E-19  -8.76124683E-19  -2.89261225E-04   9.40867467E-04  -2.89261225E-04
         493   4.92001772       1.06251246E-19  -8.11687313E-19  -2.79763161E-04   9.58650955E-04  -2.79763161E-04
         494   4.93001795       9.84366642E-20  -7.51989223E-19  -2.70090241E-04   9.75835312E-04  -2.70090241E-04
         495   4.94001818       9.11968306E-20  -6.96681807E-19  -2.60248518E-04   9.92409652E-04  -2.60248518E-04
         496   4.95001841       8.44894750E-20  -6.45442156E-19  -2.50244164E-04   1.00836379E-03  -2.50244164E-04
         497   4.96001863       7.82754293E-20  -5.97971088E-19  -2.40083406E-04   1.02368777E-03  -2.40083406E-04
         498   4.97001886       7.25184202E-20  -5.53991446E-19  -2.29772588E-04   1.03837205E-03  -2.29772588E-04
         499   4.98001909       6.71848243E-20  -5.13246390E-19  -2.19318157E-04   1.05240732E-03  -2.19318157E-04
         500   4.99001932       6.22435058E-20  -4.75498106E-19  -2.08726662E-04   1.06578483E-03  -2.08726662E-04
