           1   0.00000000       0.00000000      0.100000001       0.00000000       0.00000000    
           2   9.99999978E-03   9.45291657E-04   8.86187553E-02   9.44571279E-04   7.20378011E-07
           3   1.99999996E-02   1.76476897E-03   7.49585256E-02   1.76341878E-03   1.35018490E-06
           4   2.99999993E-02   2.43931497E-03   5.97544238E-02   2.43744114E-03   1.87382102E-06
           5   3.99999991E-02   2.95713032E-03   4.37301695E-02   2.95484858E-03   2.28174031E-06
           6   4.99999970E-02   3.31348460E-03   2.75717266E-02   3.31091508E-03   2.56951898E-06
           7   5.99999949E-02   3.51022277E-03   1.19048823E-02   3.50748608E-03   2.73669139E-06
           8   6.99999928E-02   3.55506991E-03  -2.72277929E-03   3.55228130E-03   2.78861262E-06
           9   7.99999908E-02   3.46077816E-03  -1.58552043E-02   3.45804519E-03   2.73296610E-06
          10   8.99999887E-02   3.24416487E-03  -2.71364637E-02   3.24158347E-03   2.58139335E-06
          11   9.99999866E-02   2.92508770E-03  -3.63147222E-02   2.92273914E-03   2.34856270E-06
          12  0.109999985       2.52540223E-03  -4.32418957E-02   2.52335262E-03   2.04960816E-06
          13  0.119999982       2.06794217E-03  -4.78693955E-02   2.06623995E-03   1.70222484E-06
          14  0.129999980       1.57555984E-03  -5.02404943E-02   1.57423690E-03   1.32294372E-06
          15  0.139999986       1.07025867E-03  -5.04799522E-02   1.06932980E-03   9.28877853E-07
          16  0.149999991       5.72437770E-04  -4.87815291E-02   5.71901386E-04   5.36383595E-07
          17  0.159999996       1.00271543E-04  -4.53940630E-02   1.00112942E-04   1.58601324E-07
          18  0.170000002      -3.30768322E-04  -4.06067967E-02  -3.30577022E-04   1.91299478E-07
          19  0.180000007      -7.08242645E-04  -3.47345471E-02  -7.07740255E-04   5.02390321E-07
          20  0.190000013      -1.02292816E-03  -2.81033386E-02  -1.02216052E-03   7.67642632E-07
          21  0.200000018      -1.26886123E-03  -2.10369658E-02  -1.26788043E-03   9.80799086E-07
          22  0.210000023      -1.44325406E-03  -1.38449203E-02  -1.44211529E-03   1.13877468E-06
          23  0.220000029      -1.54629815E-03  -6.81201136E-03  -1.54505763E-03   1.24052167E-06
          24  0.230000034      -1.58087374E-03  -1.89907849E-04  -1.57958583E-03   1.28790271E-06
          25  0.240000039      -1.55218446E-03   5.80925262E-03  -1.55090122E-03   1.28324609E-06
          26  0.250000030      -1.46733876E-03   1.10171549E-02  -1.46610744E-03   1.23132486E-06
          27  0.260000020      -1.33489934E-03   1.53115168E-02  -1.33376056E-03   1.13877468E-06
          28  0.270000011      -1.16441958E-03   1.86163522E-02  -1.16340723E-03   1.01234764E-06
          29  0.280000001      -9.65986867E-04   2.09004432E-02  -9.65127198E-04   8.59668944E-07
          30  0.289999992      -7.49789295E-04   2.21742690E-02  -7.49100058E-04   6.89236913E-07
          31  0.299999982      -5.25719312E-04   2.24856380E-02  -5.25211100E-04   5.08211087E-07
          32  0.309999973      -3.03026871E-04   2.19143238E-02  -3.02702305E-04   3.24565917E-07
          33  0.319999963      -9.00292216E-05   2.05659941E-02  -8.98838844E-05   1.45337253E-07
          34  0.329999954       1.06115462E-04   1.85657423E-02   1.06092273E-04   2.31884769E-08
          35  0.339999944       2.79569620E-04   1.60514880E-02   2.79393891E-04   1.75728928E-07
          36  0.349999934       4.25911974E-04   1.31675284E-02   4.25603852E-04   3.08122253E-07
          37  0.359999925       5.42170543E-04   1.00584552E-02   5.41753368E-04   4.17174306E-07
          38  0.369999915       6.26797439E-04   6.86363969E-03   6.26296387E-04   5.01051545E-07
          39  0.379999906       6.79592136E-04   3.71244643E-03   6.79033343E-04   5.58793545E-07
          40  0.389999896       7.01580779E-04   7.20272539E-04   7.00990320E-04   5.90458512E-07
          41  0.399999887       6.94860646E-04  -2.01449730E-03   6.94263028E-04   5.97618055E-07
          42  0.409999877       6.62418548E-04  -4.41260636E-03   6.61836530E-04   5.82018401E-07
          43  0.419999868       6.07932918E-04  -6.41511101E-03   6.07386813E-04   5.46104275E-07
          44  0.429999858       5.35568455E-04  -7.98368733E-03   5.35075204E-04   4.93251719E-07
          45  0.439999849       4.49771789E-04  -9.10011772E-03   4.49345185E-04   4.26603947E-07
          46  0.449999839       3.55076045E-04  -9.76507273E-03   3.54725635E-04   3.50410119E-07
          47  0.459999830       2.55920575E-04  -9.99628752E-03   2.55652441E-04   2.68133590E-07
          48  0.469999820       1.56491500E-04  -9.82626341E-03   1.56308655E-04   1.82844815E-07
          49  0.479999810       6.05869791E-05  -9.29963216E-03   6.04881061E-05   9.88729880E-08
          50  0.489999801      -2.84899870E-05  -8.47030710E-03  -2.85083279E-05   1.83408702E-08
          51  0.499999791      -1.08009714E-04  -7.39855506E-03  -1.07954467E-04   5.52463462E-08
          52  0.509999812      -1.75864843E-04  -6.14810409E-03  -1.75744659E-04   1.20184268E-07
          53  0.519999802      -2.30591089E-04  -4.78339847E-03  -2.30415957E-04   1.75132300E-07
          54  0.529999793      -2.71361583E-04  -3.36708454E-03  -2.71143217E-04   2.18366040E-07
          55  0.539999783      -2.97957595E-04  -1.95780490E-03  -2.97707942E-04   2.49652658E-07
          56  0.549999774      -3.10718955E-04  -6.08354923E-04  -3.10449948E-04   2.69006705E-07
          57  0.559999764      -3.10477975E-04   6.35763630E-04  -3.10201431E-04   2.76544597E-07
          58  0.569999754      -2.98481114E-04   1.73737470E-03  -2.98207946E-04   2.73168553E-07
          59  0.579999745      -2.76302162E-04   2.66824663E-03  -2.76042207E-04   2.59955414E-07
          60  0.589999735      -2.45751435E-04   3.40931141E-03  -2.45513220E-04   2.38214852E-07
          61  0.599999726      -2.08784593E-04   3.95051623E-03  -2.08574944E-04   2.09649443E-07
          62  0.609999716      -1.67414633E-04   4.29034745E-03  -1.67238875E-04   1.75758032E-07
          63  0.619999707      -1.23630030E-04   4.43507498E-03  -1.23491540E-04   1.38490577E-07
          64  0.629999697      -7.93216459E-05   4.39777365E-03  -7.92223582E-05   9.92877176E-08
          65  0.639999688      -3.62202736E-05   4.19718027E-03  -3.61601888E-05   6.00848580E-08
          66  0.649999678       4.15376780E-06   3.85644357E-03   4.17595129E-06   2.21834853E-08
          67  0.659999669       4.05283099E-05   3.40182590E-03   4.05149949E-05   1.33150024E-08
          68  0.669999659       7.19039672E-05   2.86141131E-03   7.18590090E-05   4.49581421E-08
          69  0.679999650       9.75661023E-05   2.26386613E-03   9.74938666E-05   7.22357072E-08
          70  0.689999640       1.17084841E-04   1.63729629E-03   1.16990610E-04   9.42309271E-08
          71  0.699999630       1.30304281E-04   1.00823422E-03   1.30193439E-04   1.10841938E-07
          72  0.709999621       1.37322335E-04   4.00782388E-04   1.37200564E-04   1.21770427E-07
          73  0.719999611       1.38462870E-04  -1.64070283E-04   1.38335643E-04   1.27227395E-07
          74  0.729999602       1.34241898E-04  -6.68948167E-04   1.34114482E-04   1.27416570E-07
          75  0.739999592       1.25329752E-04  -1.10040442E-03   1.25206891E-04   1.22861820E-07
          76  0.749999583       1.12510948E-04  -1.44905737E-03   1.12396781E-04   1.14167051E-07
          77  0.759999573       9.66435473E-05  -1.70955912E-03   9.65415238E-05   1.02023478E-07
          78  0.769999564       7.86196179E-05  -1.88041525E-03   7.85325028E-05   8.71150405E-08
          79  0.779999554       5.93281584E-05  -1.96367432E-03   5.92577890E-05   7.03694241E-08
          80  0.789999545       3.96216637E-05  -1.96451321E-03   3.95692223E-05   5.24414645E-08
          81  0.799999535       2.02872470E-05  -1.89074315E-03   2.02529955E-05   3.42515705E-08
          82  0.809999526       2.02300544E-06  -1.75226247E-03   2.00665727E-06   1.63481673E-08
          83  0.819999516      -1.45799950E-05  -1.56048243E-03  -1.45795220E-05   4.72937245E-10
          84  0.829999506      -2.90499556E-05  -1.32775062E-03  -2.90341850E-05   1.57706381E-08
          85  0.839999497      -4.10408902E-05  -1.06679334E-03  -4.10117318E-05   2.91584001E-08
          86  0.849999487      -5.03337942E-05  -7.90196471E-04  -5.02935327E-05   4.02615115E-08
          87  0.859999478      -5.68328505E-05  -5.09941776E-04  -5.67840943E-05   4.87561920E-08
          88  0.869999468      -6.05573623E-05  -2.37009546E-04  -6.05025962E-05   5.47661330E-08
          89  0.879999459      -6.16300458E-05   1.89425482E-05  -6.15718818E-05   5.81640052E-08
          90  0.889999449      -6.02625514E-05   2.49820121E-04  -6.02034452E-05   5.91062417E-08
          91  0.899999440      -5.67389616E-05   4.49250219E-04  -5.66812269E-05   5.77347237E-08
          92  0.909999430      -5.13981213E-05   6.12659380E-04  -5.13437699E-05   5.43514034E-08
          93  0.919999421      -4.46155755E-05   7.37275928E-04  -4.45663500E-05   4.92254912E-08
          94  0.929999411      -3.67858302E-05   8.22063652E-04  -3.67431021E-05   4.27280611E-08
          95  0.939999402      -2.83055779E-05   8.67595896E-04  -2.82703022E-05   3.52756615E-08
          96  0.949999392      -1.95584398E-05   8.75880767E-04  -1.95313096E-05   2.71302270E-08
          97  0.959999382      -1.09016601E-05   8.50148324E-04  -1.08829636E-05   1.86964826E-08
          98  0.969999373      -2.65505969E-06   7.94611813E-04  -2.64465189E-06   1.04078026E-08
          99  0.979999363       4.90753746E-06   7.14214286E-04   4.90994307E-06   2.40561349E-09
         100  0.989999354       1.15643106E-05   6.14371558E-04   1.15593475E-05   4.96311259E-09
         101  0.999999344       1.71489155E-05   5.00721799E-04   1.71374377E-05   1.14778231E-08
         102   1.00999939       2.15515083E-05   3.78890487E-04   2.15345790E-05   1.69293344E-08
         103   1.01999938       2.47175431E-05   2.54278188E-04   2.46962336E-05   2.13094609E-08
         104   1.02999938       2.66445768E-05   1.31877008E-04   2.66201223E-05   2.44544935E-08
         105   1.03999937       2.73774021E-05   1.61201824E-05   2.73509559E-05   2.64462869E-08
         106   1.04999936       2.70018572E-05  -8.92330136E-05   2.69746051E-05   2.72520992E-08
         107   1.05999935       2.56376588E-05  -1.81175710E-04   2.56106778E-05   2.69810698E-08
         108   1.06999934       2.34306408E-05  -2.57495907E-04   2.34049239E-05   2.57168722E-08
         109   1.07999933       2.05447323E-05  -3.16784804E-04   2.05211218E-05   2.36104825E-08
         110   1.08999932       1.71540214E-05  -3.58413788E-04   1.71332176E-05   2.08037818E-08
         111   1.09999931       1.34351785E-05  -3.82484024E-04   1.34176726E-05   1.75059540E-08
         112   1.10999930       9.56051372E-06  -3.89753201E-04   9.54669213E-06   1.38215910E-08
         113   1.11999929       5.69185113E-06  -3.81544320E-04   5.68189262E-06   9.95851224E-09
         114   1.12999928       1.97538679E-06  -3.59641650E-04   1.96931910E-06   6.06769390E-09
         115   1.13999927      -1.46236766E-06  -3.26179201E-04  -1.46470347E-06   2.33580977E-09
         116   1.14999926      -4.51751293E-06  -2.83526490E-04  -4.51633741E-06   1.17552190E-09
         117   1.15999925      -7.11055236E-06  -2.34176157E-04  -7.10622453E-06   4.32783054E-09
         118   1.16999924      -9.18708520E-06  -1.80637799E-04  -9.18007936E-06   7.00583769E-09
         119   1.17999923      -1.07174819E-05  -1.25341059E-04  -1.07082751E-05   9.20681487E-09
         120   1.18999922      -1.16956517E-05  -7.05510902E-05  -1.16847941E-05   1.08575477E-08
         121   1.19999921      -1.21370340E-05  -1.82982876E-05  -1.21250778E-05   1.19562173E-08
         122   1.20999920      -1.20759642E-05   2.96764338E-05  -1.20634659E-05   1.24982762E-08
         123   1.21999919      -1.15625708E-05   7.19601230E-05  -1.15500352E-05   1.25355655E-08
         124   1.22999918      -1.06593725E-05   1.07490167E-04  -1.06472808E-05   1.20917321E-08
         125   1.23999918      -9.43772829E-06   1.35561306E-04  -9.42647966E-06   1.12486305E-08
         126   1.24999917      -7.97428766E-06   1.55818358E-04  -7.96423683E-06   1.00508259E-08
         127   1.25999916      -6.34757907E-06   1.68236395E-04  -6.33899162E-06   8.58744897E-09
         128   1.26999915      -4.63485230E-06   1.73090244E-04  -4.62791968E-06   6.93262336E-09
         129   1.27999914      -2.90926937E-06   1.70915562E-04  -2.90408479E-06   5.18457455E-09
         130   1.28999913      -1.23751840E-06   1.62463664E-04  -1.23413258E-06   3.38582140E-09
         131   1.29999912       3.22100504E-07   1.48652529E-04   3.23724350E-07   1.62384595E-09
         132   1.30999911       1.72108923E-06   1.30516099E-04   1.72105035E-06   3.88808985E-11
         133   1.31999910       2.92165851E-06   1.09154011E-04   2.92012078E-06   1.53772817E-09
         134   1.32999909       3.89714296E-06   8.56836414E-05   3.89428897E-06   2.85399437E-09
         135   1.33999908       4.63195329E-06   6.11960277E-05   4.62800790E-06   3.94538802E-09
         136   1.34999907       5.12111455E-06   3.67169632E-05   5.11633380E-06   4.78075890E-09
         137   1.35999906       5.36944481E-06   1.31743273E-05   5.36407379E-06   5.37102096E-09
         138   1.36999905       5.39044004E-06  -8.62784145E-06   5.38473614E-06   5.70389602E-09
         139   1.37999904       5.20493631E-06  -2.80280365E-05   5.19914238E-06   5.79393600E-09
         140   1.38999903       4.83962094E-06  -4.45188271E-05   4.83396298E-06   5.65796654E-09
         141   1.39999902       4.32546403E-06  -5.77514402E-05   4.32014031E-06   5.32372724E-09
         142   1.40999901       3.69613508E-06  -6.75339033E-05   3.69131703E-06   4.81804818E-09
         143   1.41999900       2.98646887E-06  -7.38234012E-05   2.98229020E-06   4.17867341E-09
         144   1.42999899       2.23103325E-06  -7.67137099E-05   2.22758740E-06   3.44584805E-09
         145   1.43999898       1.46284310E-06  -7.64186407E-05   1.46019715E-06   2.64594746E-09
         146   1.44999897       7.12255599E-07  -7.32525004E-05   7.10437007E-07   1.81859150E-09
         147   1.45999897       6.07116135E-09  -6.76086056E-05   5.06600584E-09   1.00515551E-09
         148   1.46999896      -6.33144396E-07  -5.99368577E-05  -6.33366085E-07   2.21689334E-10
         149   1.47999895      -1.18751336E-06  -5.07212681E-05  -1.18701428E-06   4.99085218E-10
         150   1.48999894      -1.64407811E-06  -4.04583661E-05  -1.64294295E-06   1.13516307E-09
         151   1.49999893      -1.99482429E-06  -2.96371654E-05  -1.99315696E-06   1.66733116E-09
         152   1.50999892      -2.23651500E-06  -1.87213227E-05  -2.23442294E-06   2.09206519E-09
         153   1.51999891      -2.37035874E-06  -8.13396673E-06  -2.36795836E-06   2.40038389E-09
         154   1.52999890      -2.40154009E-06   1.75450168E-06  -2.39895076E-06   2.58933142E-09
         155   1.53999889      -2.33864534E-06   1.06354400E-05  -2.33598030E-06   2.66504685E-09
         156   1.54999888      -2.19301251E-06   1.82678014E-05  -2.19037929E-06   2.63321454E-09
         157   1.55999887      -1.97804002E-06   2.44808434E-05  -1.97553368E-06   2.50634002E-09
         158   1.56999886      -1.70848148E-06   2.91739161E-05  -1.70618330E-06   2.29817942E-09
         159   1.57999885      -1.39975759E-06   3.23136119E-05  -1.39773579E-06   2.02180672E-09
         160   1.58999884      -1.06730772E-06   3.39286344E-05  -1.06561390E-06   1.69382020E-09
         161   1.59999883      -7.26001872E-07   3.41027990E-05  -7.24669235E-07   1.33263711E-09
         162   1.60999882      -3.89631253E-07   3.29666073E-05  -3.88674039E-07   9.57214752E-10
         163   1.61999881      -7.04872889E-08   3.06878574E-05  -6.99102998E-08   5.76989123E-10
         164   1.62999880       2.20961681E-07   2.74617196E-05   2.21171589E-07   2.09908535E-10
         165   1.63999879       4.76294161E-07   2.35007392E-05   4.76162398E-07   1.31763045E-10
         166   1.64999878       6.89260162E-07   1.90251139E-05   6.88824855E-07   4.35306902E-10
         167   1.65999877       8.55811720E-07   1.42536101E-05   8.55113569E-07   6.98150870E-10
         168   1.66999876       9.74046998E-07   9.39540405E-06   9.73140232E-07   9.06766218E-10
         169   1.67999876       1.04407809E-06   4.64305640E-06   1.04301262E-06   1.06547304E-09
         170   1.68999875       1.06783523E-06   1.66784957E-07   1.06666550E-06   1.16972387E-09
         171   1.69999874       1.04882042E-06  -3.88986018E-06   1.04760079E-06   1.21963240E-09
         172   1.70999873       9.91825118E-07  -7.41291024E-06   9.90605145E-07   1.21997346E-09
         173   1.71999872       9.02625800E-07  -1.03194843E-05   9.01451472E-07   1.17432819E-09
         174   1.72999871       7.87670956E-07  -1.25579763E-05   7.86582291E-07   1.08866516E-09
         175   1.73999870       6.53772531E-07  -1.41070368E-05   6.52801191E-07   9.71340341E-10
         176   1.74999869       5.07812956E-07  -1.49735024E-05   5.06985714E-07   8.27242275E-10
         177   1.75999868       3.56477358E-07  -1.51894565E-05   3.55812233E-07   6.65124844E-10
         178   1.76999867       2.06018626E-07  -1.48086065E-05   2.05525964E-07   4.92661911E-10
         179   1.77999866       6.20613747E-08  -1.39021931E-05   6.17440818E-08   3.17292859E-10
         180   1.78999865      -7.05516499E-08  -1.25546139E-05  -7.06977445E-08   1.46094692E-10
         181   1.79999864      -1.87868892E-07  -1.08589747E-05  -1.87853857E-07   1.50350843E-11
         182   1.80999863      -2.86895130E-07  -8.91272430E-06  -2.86736224E-07   1.58905777E-10
         183   1.81999862      -3.65614085E-07  -6.81354686E-06  -3.65328560E-07   2.85524493E-10
         184   1.82999861      -4.22971709E-07  -4.65563244E-06  -4.22581621E-07   3.90087962E-10
         185   1.83999860      -4.58824701E-07  -2.52643690E-06  -4.58354265E-07   4.70436134E-10
         186   1.84999859      -4.73859217E-07  -5.04004220E-07  -4.73333387E-07   5.25830046E-10
         187   1.85999858      -4.69485940E-07   1.34509821E-06  -4.68930011E-07   5.55928636E-10
         188   1.86999857      -4.47717582E-07   2.96721373E-06  -4.47154861E-07   5.62721425E-10
         189   1.87999856      -4.11035273E-07   4.32240222E-06  -4.10487530E-07   5.47743184E-10
         190   1.88999856      -3.62249835E-07   5.38465156E-06  -3.61735630E-07   5.14205567E-10
         191   1.89999855      -3.04363795E-07   6.14153805E-06  -3.03900123E-07   4.63671768E-10
         192   1.90999854      -2.40439192E-07   6.59340458E-06  -2.40038617E-07   4.00575573E-10
         193   1.91999853      -1.73475826E-07   6.75213323E-06  -1.73147669E-07   3.28157057E-10
         194   1.92999852      -1.06303283E-07   6.63959690E-06  -1.06053321E-07   2.49961829E-10
         195   1.93999851      -4.14898409E-08   6.28587804E-06  -4.13204191E-08   1.69421810E-10
         196   1.94999850       1.87300984E-08   5.72734643E-06   1.88200282E-08   8.99298414E-11
         197   1.95999849       7.25090530E-08   5.00468104E-06   7.25244007E-08   1.53477231E-11
         198   1.96999848       1.18419663E-07   4.16091689E-06   1.18365598E-07   5.40651968E-11
         199   1.97999847       1.55468939E-07   3.23958807E-06   1.55353973E-07   1.14965815E-10
         200   1.98999846       1.83094528E-07   2.28302861E-06   1.82928432E-07   1.66096470E-10
         201   1.99999845       2.01145127E-07   1.33088042E-06   2.00938828E-07   2.06298978E-10
         202   2.00999856       2.09847073E-07   4.18846355E-07   2.09612296E-07   2.34777531E-10
         203   2.01999855       2.09759847E-07  -4.22290327E-07   2.09507590E-07   2.52256882E-10
         204   2.02999854       2.01723097E-07  -1.16736533E-06   2.01464459E-07   2.58637556E-10
         205   2.03999853       1.86798189E-07  -1.79725316E-06   1.86543517E-07   2.54672727E-10
         206   2.04999852       1.66206817E-07  -2.29901843E-06   1.65965474E-07   2.41342946E-10
         207   2.05999851       1.41269368E-07  -2.66581719E-06   1.41048702E-07   2.20666152E-10
         208   2.06999850       1.13345479E-07  -2.89657692E-06   1.13152169E-07   1.93310257E-10
         209   2.07999849       8.37787013E-08  -2.99548833E-06   8.36176213E-08   1.61080038E-10
         210   2.08999848       5.38470708E-08  -2.97134557E-06   5.37212621E-08   1.25808697E-10
         211   2.09999847       2.47208369E-08  -2.83677400E-06   2.46318272E-08   8.90096885E-11
         212   2.10999846      -2.57164956E-09  -2.60738716E-06  -2.62386912E-09   5.22195620E-11
         213   2.11999846      -2.71694738E-08  -2.30091018E-06  -2.71862834E-08   1.68096648E-11
         214   2.12999845      -4.83958686E-08  -1.93630558E-06  -4.83803397E-08   1.55289115E-11
         215   2.13999844      -6.57663719E-08  -1.53293695E-06  -6.57215793E-08   4.47926141E-11
         216   2.14999843      -7.89889043E-08  -1.10979602E-06  -7.89192072E-08   6.96971370E-11
         217   2.15999842      -8.79565434E-08  -6.84817110E-07  -8.78669226E-08   8.96207553E-11
         218   2.16999841      -9.27339698E-08  -2.74298031E-07  -9.26295414E-08   1.04428466E-10
         219   2.17999840      -9.35386666E-08   1.07563125E-07  -9.34247311E-08   1.13935528E-10
         220   2.18999839      -9.07181459E-08   4.49006393E-07  -9.05998547E-08   1.18291155E-10
         221   2.19999838      -8.47243768E-08   7.40924293E-07  -8.46065902E-08   1.17786669E-10
         222   2.20999837      -7.60867138E-08   9.76954766E-07  -7.59737802E-08   1.12933662E-10
         223   2.21999836      -6.53844339E-08   1.15346165E-06  -6.52801546E-08   1.04279252E-10
         224   2.22999835      -5.32200275E-08   1.26941279E-06  -5.31275468E-08   9.24806898E-11
         225   2.23999834      -4.01941165E-08   1.32617151E-06  -4.01158715E-08   7.82449661E-11
         226   2.24999833      -2.68828515E-08   1.32721732E-06  -2.68204552E-08   6.23963103E-11
         227   2.25999832      -1.38183855E-08   1.27781198E-06  -1.37727394E-08   4.56461535E-11
         228   2.26999831      -1.47287160E-09   1.18463061E-06  -1.44416901E-09   2.87025959E-11
         229   2.27999830       9.75374359E-09   1.05537401E-06   9.76618519E-09   1.24416033E-11
         230   2.28999829       1.95420213E-08   8.98378744E-07   1.95390264E-08   2.99493763E-12
         231   2.29999828       2.76574852E-08   7.22240372E-07   2.76405672E-08   1.69180225E-11
         232   2.30999827       3.39514337E-08   5.35462846E-07   3.39225004E-08   2.89333002E-11
         233   2.31999826       3.83584222E-08   3.46144475E-07   3.83196976E-08   3.87245791E-11
         234   2.32999825       4.08908178E-08   1.61709337E-07   4.08446290E-08   4.61888305E-11
         235   2.33999825       4.16309298E-08  -1.13102061E-08   4.15797068E-08   5.12230258E-11
         236   2.34999824       4.07212326E-08  -1.67436440E-07   4.06673628E-08   5.38697975E-11
         237   2.35999823       3.83532281E-08  -3.02353840E-07   3.82989533E-08   5.42748069E-11
         238   2.36999822       3.47555229E-08  -4.12962123E-07   3.47029641E-08   5.25588462E-11
         239   2.37999821       3.01816243E-08  -4.97378323E-07   3.01325720E-08   4.90523178E-11
         240   2.38999820       2.48979468E-08  -5.54892210E-07   2.48539269E-08   4.40198988E-11
         241   2.39999819       1.91724823E-08  -5.85881821E-07   1.91347134E-08   3.77688991E-11
         242   2.40999818       1.32644811E-08  -5.91695482E-07   1.32337963E-08   3.06847880E-11
         243   2.41999817       7.41544959E-09  -5.74508363E-07   7.39235873E-09   2.30908626E-11
         244   2.42999816       1.84167526E-09  -5.37161213E-07   1.82625137E-09   1.54238844E-11
         245   2.43999815      -3.27157856E-09  -4.82989208E-07  -3.27935834E-09   7.77977682E-12
         246   2.44999814      -7.77414844E-09  -4.15648628E-07  -7.77469644E-09   5.48006085E-13
         247   2.45999813      -1.15533290E-08  -3.38947274E-07  -1.15472831E-08   6.04583050E-12
         248   2.46999812      -1.45345824E-08  -2.56685780E-07  -1.45227750E-08   1.18074439E-11
         249   2.47999811      -1.66807368E-08  -1.72514063E-07  -1.66641545E-08   1.65822911E-11
         250   2.48999810      -1.79898372E-08  -8.98071661E-08  -1.79695299E-08   2.03073114E-11
         251   2.49999809      -1.84918729E-08  -1.15634151E-08  -1.84689686E-08   2.29043451E-11
         252   2.50999808      -1.82445952E-08   5.96734964E-08  -1.82201614E-08   2.44337883E-11
         253   2.51999807      -1.73286896E-08   1.21867771E-07  -1.73037904E-08   2.48991938E-11
         254   2.52999806      -1.58425291E-08   1.73520363E-07  -1.58181610E-08   2.43680631E-11
         255   2.53999805      -1.38967584E-08   2.13674824E-07  -1.38737768E-08   2.29816166E-11
         256   2.54999804      -1.16089325E-08   2.41901915E-07  -1.15880772E-08   2.08553175E-11
         257   2.55999804      -9.09839493E-09   2.58265771E-07  -9.08026632E-09   1.81286097E-11
         258   2.56999803      -6.48158238E-09   2.63274444E-07  -6.46656106E-09   1.50213175E-11
         259   2.57999802      -3.86788468E-09   2.57818471E-07  -3.85629040E-09   1.15942811E-11
         260   2.58999801      -1.35616252E-09   2.43100629E-07  -1.34811917E-09   8.04334377E-12
         261   2.59999800       9.67998570E-10   2.20560622E-07   9.72512737E-10   4.51416682E-12
         262   2.60999799       3.03427350E-09   1.91797909E-07   3.03541370E-09   1.14019905E-12
         263   2.61999798       4.78881201E-09   1.58495823E-07   4.78684337E-09   1.96864747E-12
         264   2.62999797       6.19471541E-09   1.22349718E-07   6.18999652E-09   4.71889194E-12
         265   2.63999796       7.23182225E-09   8.50015454E-08   7.22479010E-09   7.03215264E-12
         266   2.64999795       7.89588128E-09   4.79825815E-08   7.88702526E-09   8.85602702E-12
         267   2.65999794       8.19719759E-09   1.26659216E-08   8.18699686E-09   1.02007292E-11
         268   2.66999793       8.15885848E-09  -1.97705852E-08   8.14782108E-09   1.10373932E-11
         269   2.67999792       7.81463871E-09  -4.83704490E-08   7.80325760E-09   1.13811183E-11
         270   2.68999791       7.20670457E-09  -7.24137408E-08   7.19544824E-09   1.12563292E-11
         271   2.69999790       6.38321440E-09  -9.14219029E-08   6.37248876E-09   1.07256426E-11
         272   2.70999789       5.39592104E-09  -1.05152942E-07   5.38608225E-09   9.83879644E-12
         273   2.71999788       4.29786784E-09  -1.13588101E-07   4.28919256E-09   8.67528271E-12
         274   2.72999787       3.14125170E-09  -1.16911309E-07   3.13396975E-09   7.28195282E-12
         275   2.73999786       1.97552508E-09  -1.15482933E-07   1.96978345E-09   5.74162939E-12
         276   2.74999785       8.45779891E-10  -1.09809321E-07   8.41654413E-10   4.12547774E-12
         277   2.75999784      -2.08547957E-10  -1.00509681E-07  -2.11049650E-10   2.50169330E-12
         278   2.76999784      -1.15463605E-09  -8.82818654E-08  -1.15556953E-09   9.33475519E-13
         279   2.77999783      -1.96689198E-09  -7.38684136E-08  -1.96636551E-09   5.26467758E-13
         280   2.78999782      -2.62723576E-09  -5.80241206E-08  -2.62541677E-09   1.81898940E-12
         281   2.79999781      -3.12507109E-09  -4.14862349E-08  -3.12213544E-09   2.93565172E-12
         282   2.80999780      -3.45697515E-09  -2.49481680E-08  -3.45313333E-09   3.84181575E-12
         283   2.81999779      -3.62614605E-09  -9.03735575E-09  -3.62162633E-09   4.51971793E-12
         284   2.82999778      -3.64165120E-09   5.70226977E-09  -3.63668606E-09   4.96513941E-12
         285   2.83999777      -3.51752494E-09   1.88229698E-08  -3.51234286E-09   5.18207699E-12
         286   2.84999776      -3.27176330E-09   2.99810274E-08  -3.26658278E-09   5.18052268E-12
         287   2.85999775      -2.92526470E-09   3.89398949E-08  -2.92027824E-09   4.98645569E-12
         288   2.86999774      -2.50076027E-09   4.55689602E-08  -2.49613197E-09   4.62829775E-12
         289   2.87999773      -2.02177763E-09   4.98384338E-08  -2.01765538E-09   4.12225809E-12
         290   2.88999772      -1.51167256E-09   5.18108756E-08  -1.50816348E-09   3.50908191E-12
         291   2.89999771      -9.92758542E-10   5.16300354E-08  -9.89938798E-10   2.81974444E-12
         292   2.90999770      -4.85560425E-10   4.95076762E-08  -4.83473483E-10   2.08694173E-12
         293   2.91999769      -8.20521429E-12   4.57090685E-08  -6.86256694E-12   1.34264735E-12
         294   2.92999768       4.24037000E-10   4.05378309E-08   4.24653424E-10   6.16423579E-13
         295   2.93999767       7.99060929E-10   3.43207631E-08   7.99002031E-10   5.88973315E-14
         296   2.94999766       1.10808362E-09   2.73932486E-08   1.10740583E-09   6.77791157E-13
         297   2.95999765       1.34566214E-09   2.00857055E-08   1.34444933E-09   1.21280763E-12
         298   2.96999764       1.50958179E-09   1.27115278E-08   1.50792778E-09   1.65401026E-12
         299   2.97999763       1.60063307E-09   5.55681678E-09   1.59864078E-09   1.99229522E-12
         300   2.98999763       1.62229563E-09  -1.12787912E-09   1.62007163E-09   2.22399876E-12
         301   2.99999762       1.58035063E-09  -7.13368253E-09   1.57799984E-09   2.35078623E-12
         302   3.00999761       1.48244206E-09  -1.22973489E-08   1.48006563E-09   2.37643238E-12
         303   3.01999760       1.33760980E-09  -1.65031171E-08   1.33529809E-09   2.31170638E-12
         304   3.02999759       1.15581367E-09  -1.96825809E-08   1.15364807E-09   2.16560103E-12
         305   3.03999758       9.47467882E-10  -2.18127809E-08   9.45517775E-10   1.95010674E-12
         306   3.04999757       7.23003157E-10  -2.29127473E-08   7.21321280E-10   1.68187686E-12
         307   3.05999756       4.92468955E-10  -2.30387851E-08   4.91094276E-10   1.37467815E-12
         308   3.06999755       2.65188815E-10  -2.22787904E-08   2.64144956E-10   1.04385944E-12
         309   3.07999754       4.94755487E-11  -2.07459081E-08   4.87716083E-11   7.03940378E-13
         310   3.08999753      -1.47587831E-10  -1.85718392E-08  -1.47960463E-10   3.72632480E-13
         311   3.09999752      -3.20299898E-10  -1.59000777E-08  -3.20353938E-10   5.40401057E-14
         312   3.10999751      -4.64425554E-10  -1.28793429E-08  -4.64188216E-10   2.37337927E-13
         313   3.11999750      -5.77217218E-10  -9.65744196E-09  -5.76724835E-10   4.92383911E-13
         314   3.12999749      -6.57377541E-10  -6.37574971E-09  -6.56671717E-10   7.05824288E-13
         315   3.13999748      -7.04970526E-10  -3.16445559E-09  -7.04097503E-10   8.73023875E-13
         316   3.14999747      -7.21289695E-10  -1.38689948E-10  -7.20297877E-10   9.91817739E-13
         317   3.15999746      -7.08691827E-10   2.60441113E-09  -7.07629677E-10   1.06215037E-12
         318   3.16999745      -6.70406619E-10   4.98767827E-09  -6.69320765E-10   1.08585363E-12
         319   3.17999744      -6.10330841E-10   6.95493707E-09  -6.09263806E-10   1.06703535E-12
         320   3.18999743      -5.32817179E-10   8.47114112E-09  -5.31807598E-10   1.00958131E-12
         321   3.19999743      -4.42465703E-10   9.52169010E-09  -4.41546855E-10   9.18848331E-13
         322   3.20999742      -3.43925749E-10   1.01110391E-08  -3.43123169E-10   8.02580225E-13
         323   3.21999741      -2.41714898E-10   1.02607167E-08  -2.41048875E-10   6.66022792E-13
         324   3.22999740      -1.40060130E-10   1.00068833E-08  -1.39541254E-10   5.18876608E-13
         325   3.23999739      -4.27650762E-11   9.39756539E-09  -4.24008016E-11   3.64274583E-13
         326   3.24999738       4.68939818E-11   8.48970672E-09   4.71040325E-11   2.10050727E-13
         327   3.25999737       1.26242197E-10   7.34615790E-09   1.26304189E-10   6.19920781E-14
         328   3.26999736       1.93250443E-10   6.03273076E-09   1.93175878E-10   7.45653539E-14
         329   3.27999735       2.46550835E-10   4.61541871E-09   2.46355214E-10   1.95621297E-13
         330   3.28999734       2.85425683E-10   3.15787663E-09   2.85127061E-10   2.98622238E-13
         331   3.29999733       3.09772874E-10   1.71922876E-09   3.09392512E-10   3.80362408E-13
         332   3.30999732       3.20051152E-10   3.52256335E-10   3.19611421E-10   4.39731584E-13
         333   3.31999731       3.17209342E-10  -8.98001673E-10   3.16731114E-10   4.78228568E-13
         334   3.32999730       3.02603748E-10  -1.99521910E-09   3.02109227E-10   4.94521091E-13
         335   3.33999729       2.77907891E-10  -2.91233349E-09   2.77417284E-10   4.90607555E-13
         336   3.34999728       2.45018866E-10  -3.63168962E-09   2.44549797E-10   4.69069228E-13
         337   3.35999727       2.05964024E-10  -4.14481516E-09   2.05532674E-10   4.31349401E-13
         338   3.36999726       1.62811764E-10  -4.45186776E-09   1.62430625E-10   3.81139564E-13
         339   3.37999725       1.17589077E-10  -4.56080818E-09   1.17268209E-10   3.20868332E-13
         340   3.38999724       7.22086280E-11  -4.48635529E-09   7.19545465E-11   2.54081478E-13
         341   3.39999723       2.84070649E-11  -4.24878488E-09   2.82230940E-11   1.83970894E-13
         342   3.40999722      -1.23041230E-11  -3.87263199E-09  -1.24174369E-11   1.13313872E-13
         343   3.41999722      -4.86745262E-11  -3.38535422E-09  -4.87208052E-11   4.62789529E-14
         344   3.42999721      -7.97373903E-11  -2.81601209E-09  -7.97197308E-11   1.76594850E-14
         345   3.43999720      -1.04819313E-10  -2.19401430E-09  -1.04744331E-10   7.49816875E-14
         346   3.44999719      -1.23537888E-10  -1.54796886E-09  -1.23413488E-10   1.24400490E-13
         347   3.45999718      -1.35788492E-10  -9.04673392E-10  -1.35624151E-10   1.64340763E-13
         348   3.46999717      -1.41721843E-10  -2.88271351E-10  -1.41527470E-10   1.94372296E-13
         349   3.47999716      -1.41713974E-10   2.80411416E-10  -1.41499451E-10   2.14522844E-13
         350   3.48999715      -1.36330544E-10   7.84341259E-10  -1.36106085E-10   2.24459340E-13
         351   3.49999714      -1.26287328E-10   1.21056187E-09  -1.26062299E-10   2.25028329E-13
         352   3.50999713      -1.12408749E-10   1.55029822E-09  -1.12191506E-10   2.17242890E-13
         353   3.51999712      -9.55862958E-11   1.79889115E-09  -9.53845197E-11   2.01776096E-13
         354   3.52999711      -7.67383032E-11   1.95558258E-09  -7.65580377E-11   1.80265525E-13
         355   3.53999710      -5.67725728E-11   2.02317318E-09  -5.66187826E-11   1.53790175E-13
         356   3.54999709      -3.65529204E-11   2.00757744E-09  -3.64289467E-11   1.23973748E-13
         357   3.55999708      -1.68705969E-11   1.91730276E-09  -1.67775932E-11   9.30037297E-14
         358   3.56999707       1.57882735E-12   1.76288029E-09   1.63951567E-12   6.06883250E-14
         359   3.57999706       1.82127438E-11   1.55627267E-09   1.82417952E-11   2.90514141E-14
         360   3.58999705       3.25728576E-11   1.31028399E-09   3.25721186E-11   7.38992201E-16
         361   3.59999704       4.43307509E-11   1.03799391E-09   4.43030196E-11   2.77312895E-14
         362   3.60999703       5.32879747E-11   7.52235274E-10   5.32367136E-11   5.12610787E-14
         363   3.61999702       5.93712232E-11   4.65130795E-10   5.93006269E-11   7.05963066E-14
         364   3.62999701       6.26231914E-11   1.87700633E-10   6.25377181E-11   8.54732951E-14
         365   3.63999701       6.31899255E-11  -7.04507563E-11   6.30940786E-11   9.58469415E-14
         366   3.64999700       6.13054468E-11  -3.01364211E-10   6.12039169E-11   1.01529896E-13
         367   3.65999699       5.72745046E-11  -4.98871333E-10   5.71716355E-11   1.02869102E-13
         368   3.66999698       5.14542714E-11  -6.58657962E-10   5.13539870E-11   1.00284364E-13
         369   3.67999697       4.42358233E-11  -7.78251630E-10   4.41417701E-11   9.40532374E-14
         370   3.68999696       3.60260606E-11  -8.56939852E-10   3.59411320E-11   8.49285919E-14
         371   3.69999695       2.72307767E-11  -8.95629904E-10   2.71574100E-11   7.33666600E-14
         372   3.70999694       1.82393614E-11  -8.96660135E-10   1.81789375E-11   6.04238881E-14
         373   3.71999693       9.41159303E-12  -8.63575045E-10   9.36543725E-12   4.61557875E-14
         374   3.72999692       1.06680290E-12  -8.00876199E-10   1.03536298E-12   3.14399114E-14
         375   3.73999691      -6.52438433E-12  -7.13760218E-10  -6.54127924E-12   1.68949056E-14
         376   3.74999690      -1.31456885E-11  -6.07855599E-10  -1.31487512E-11   3.06265430E-15
         377   3.75999689      -1.86382038E-11  -4.88967977E-10  -1.86286039E-11   9.59995972E-15
         378   3.76999688      -2.29009711E-11  -3.62843144E-10  -2.28802099E-11   2.07611706E-14
         379   3.77999687      -2.58892907E-11  -2.34954667E-10  -2.58592210E-11   3.00696967E-14
         380   3.78999686      -2.76110662E-11  -1.10322182E-10  -2.75736881E-11   3.73780867E-14
         381   3.79999685      -2.81214999E-11   6.63590016E-12  -2.80788517E-11   4.26481767E-14
         382   3.80999684      -2.75164943E-11   1.12212725E-10  -2.74707288E-11   4.57654747E-14
         383   3.81999683      -2.59251474E-11   2.03485964E-10  -2.58782804E-11   4.68670242E-14
         384   3.82999682      -2.35016884E-11   2.78354007E-10  -2.34555448E-11   4.61436445E-14
         385   3.83999681      -2.04172408E-11   3.35537653E-10  -2.03735414E-11   4.36994191E-14
         386   3.84999681      -1.68517197E-11   3.74550280E-10  -1.68117412E-11   3.99784372E-14
         387   3.85999680      -1.29861694E-11   3.95640937E-10  -1.29511939E-11   3.49754947E-14
         388   3.86999679      -8.99579196E-12   3.99714928E-10  -8.96667463E-12   2.91173335E-14
         389   3.87999678      -5.04385119E-12   3.88236970E-10  -5.02113715E-12   2.27140355E-14
         390   3.88999677      -1.27661770E-12   3.63122393E-10  -1.26058289E-12   1.60348080E-14
         391   3.89999676       2.18056562E-12   3.26621619E-10   2.18993248E-12   9.36685625E-15
         392   3.90999675       5.22604356E-12   2.81202922E-10   5.22900820E-12   2.96464242E-15
         393   3.91999674       7.78345617E-12   2.29437969E-10   7.78050194E-12   2.95423408E-15
         394   3.92999673       9.80222327E-12   1.73894510E-10   9.79399548E-12   8.22779345E-15
         395   3.93999672       1.12570144E-11   1.17039295E-10   1.12443258E-11   1.26886349E-14
         396   3.94999671       1.21463039E-11   6.11541096E-11   1.21300513E-11   1.62526242E-14
         397   3.95999670       1.24901678E-11   8.26680391E-12   1.24712723E-11   1.88954755E-14
         398   3.96999669       1.23274611E-11  -3.99014606E-11   1.23069046E-11   2.05564732E-14
         399   3.97999668       1.17125615E-11  -8.19723595E-11   1.16912721E-11   2.12893939E-14
         400   3.98999667       1.07118264E-11  -1.16930021E-10   1.06906584E-11   2.11679632E-14
         401   3.99999666       9.39993743E-12  -1.44125128E-10   9.37965938E-12   2.02780501E-14
         402   4.00999689       7.85627292E-12  -1.63264610E-10   7.83757607E-12   1.86968496E-14
         403   4.01999712       6.16145112E-12  -1.74388934E-10   6.14484201E-12   1.66091099E-14
         404   4.02999735       4.39415388E-12  -1.77838771E-10   4.38005448E-12   1.40993987E-14
         405   4.03999758       2.62832507E-12  -1.74213519E-10   2.61709014E-12   1.12349366E-14
         406   4.04999781       9.30816296E-13  -1.64323971E-10   9.22546761E-13   8.26953523E-15
         407   4.05999804      -6.40473677E-13  -1.49141421E-10  -6.45738508E-13   5.26483154E-15
         408   4.06999826      -2.03794468E-12  -1.29745520E-10  -2.04022346E-12   2.27877613E-15
         409   4.07999849      -3.22511982E-12  -1.07273052E-10  -3.22464820E-12   4.71627945E-16
         410   4.08999872      -4.17697214E-12  -8.28693225E-11  -4.17401053E-12   2.96160665E-15
         411   4.09999895      -4.87978321E-12  -5.76439313E-11  -4.87462718E-12   5.15603185E-15
         412   4.10999918      -5.33058797E-12  -3.26320568E-11  -5.32365818E-12   6.92978661E-15
         413   4.11999941      -5.53626459E-12  -8.76228083E-12  -5.52797044E-12   8.29414662E-15
         414   4.12999964      -5.51233625E-12   1.31685149E-11  -5.50309624E-12   9.24000459E-15
         415   4.13999987      -5.28155904E-12   3.25128327E-11  -5.27180816E-12   9.75088066E-15
         416   4.15000010      -4.87237204E-12   4.87829221E-11  -4.86251057E-12   9.86146928E-15
         417   4.16000032      -4.31727570E-12   6.16540638E-11  -4.30769006E-12   9.58564825E-15
         418   4.17000055      -3.65121345E-12   7.09614034E-11  -3.64222107E-12   8.99237282E-15
         419   4.18000078      -2.91001359E-12   7.66909522E-11  -2.90189097E-12   8.12262584E-15
         420   4.19000101      -2.12894567E-12   7.89658061E-11  -2.12193956E-12   7.00611444E-15
         421   4.20000124      -1.34143543E-12   7.80284101E-11  -1.33568070E-12   5.75472829E-15
         422   4.21000147      -5.77972078E-13   7.42199913E-11  -5.73568536E-13   4.40354133E-15
         423   4.22000170       1.34768553E-13   6.79582363E-11   1.37752385E-13   2.98383280E-15
         424   4.23000193       7.74573331E-13   5.97141572E-11   7.76179576E-13   1.60624552E-15
         425   4.24000216       1.32410988E-12   4.99891482E-11   1.32440174E-12   2.91867225E-16
         426   4.25000238       1.77111982E-12   3.92930792E-11   1.77018437E-12   9.35449634E-16
         427   4.26000261       2.10840091E-12   2.81241384E-11   2.10640121E-12   1.99970249E-15
         428   4.27000284       2.33359903E-12   1.69510447E-11   2.33070247E-12   2.89655452E-15
         429   4.28000307       2.44883627E-12   6.19807677E-12   2.44522154E-12   3.61473004E-15
         430   4.29000330       2.46020435E-12  -3.76679937E-12   2.45607766E-12   4.12669031E-15
         431   4.30000353       2.37715620E-12  -1.26405336E-11   2.37271422E-12   4.44197630E-15
         432   4.31000376       2.21182686E-12  -2.01903060E-11   2.20726367E-12   4.56319010E-15
         433   4.32000399       1.97831812E-12  -2.62556834E-11   1.97381174E-12   4.50637791E-15
         434   4.33000422       1.69197675E-12  -3.07478071E-11   1.68768710E-12   4.28964590E-15
         435   4.34000444       1.36869335E-12  -3.36459680E-11   1.36476919E-12   3.92416134E-15
         436   4.35000467       1.02424785E-12  -3.49918948E-11   1.02079261E-12   3.45524390E-15
         437   4.36000490       6.73721495E-13  -3.48822325E-11   6.70820333E-13   2.90116238E-15
         438   4.37000513       3.30991067E-13  -3.34596517E-11   3.28713700E-13   2.27736666E-15
         439   4.38000536       8.31718592E-15  -3.09030579E-11   6.68056325E-15   1.63662266E-15
         440   4.39000559      -2.83967213E-13  -2.74173531E-11  -2.84959881E-13   9.92668404E-16
         441   4.40000582      -5.37665290E-13  -2.32231890E-11  -5.38024540E-13   3.59250390E-16
         442   4.41000605      -7.46824206E-13  -1.85470979E-11  -7.46603300E-13   2.20906193E-16
         443   4.42000628      -9.07747131E-13  -1.36123404E-11  -9.07005753E-13   7.41377446E-16
         444   4.43000650      -1.01891911E-12  -8.63074369E-12  -1.01772518E-12   1.19392343E-15
         445   4.44000673      -1.08085665E-12  -3.79575408E-12  -1.07930071E-12   1.55593854E-15
         446   4.45000696      -1.09589508E-12   7.23148971E-13  -1.09406646E-12   1.82861538E-15
         447   4.46000719      -1.06792667E-12   4.78460761E-12  -1.06591678E-12   2.00989399E-15
         448   4.47000742      -1.00210497E-12   8.27806833E-12  -1.00000498E-12   2.09999119E-15
         449   4.48000765      -9.04529164E-13   1.11250462E-11  -9.02424511E-13   2.10465326E-15
         450   4.49000788      -7.81922704E-13   1.32790523E-11  -7.79891126E-13   2.03157803E-15
         451   4.50000811      -6.41318867E-13   1.47243103E-11  -6.39433059E-13   1.88580705E-15
         452   4.51000834      -4.89764425E-13   1.54734333E-11  -4.88077406E-13   1.68701858E-15
         453   4.52000856      -3.34051038E-13   1.55642443E-11  -3.32607151E-13   1.44388624E-15
         454   4.53000879      -1.80481918E-13   1.50559409E-11  -1.79318271E-13   1.16364709E-15
         455   4.54000902      -3.46790738E-14   1.40248186E-11  -3.38085578E-14   8.70516089E-16
         456   4.55000925       9.85650906E-14   1.25597466E-11   9.91365125E-14   5.71421979E-16
         457   4.56000948       2.15390666E-13   1.07575997E-11   2.15663885E-13   2.73218947E-16
         458   4.57000971       3.12927906E-13   8.71882254E-12   3.12924057E-13   3.84891771E-18
         459   4.58000994       3.89311928E-13   6.54327894E-12   3.89055812E-13   2.56115658E-16
         460   4.59001017       4.43657752E-13   4.32651918E-12   4.43178643E-13   4.79108940E-16
         461   4.60001040       4.76000749E-13   2.15656334E-12   4.75339223E-13   6.61525956E-16
         462   4.61001062       4.87207659E-13   1.11281210E-13   4.86404211E-13   8.03448020E-16
         463   4.62001085       4.78864615E-13  -1.74359745E-12   4.77961204E-13   9.03411460E-16
         464   4.63001108       4.53148424E-13  -3.35582126E-12   4.52188146E-13   9.60277864E-16
         465   4.64001131       4.12687923E-13  -4.68731651E-12   4.11711165E-13   9.76757737E-16
         466   4.65001154       3.60421111E-13  -5.71428321E-12   3.59466878E-13   9.54233437E-16
         467   4.66001177       2.99454363E-13  -6.42673848E-12   2.98554855E-13   8.99508332E-16
         468   4.67001200       2.32928477E-13  -6.82758234E-12   2.32111964E-13   8.16512656E-16
         469   4.68001223       1.63896267E-13  -6.93125939E-12   1.63187863E-13   7.08404147E-16
         470   4.69001245       9.52151837E-14  -6.76211474E-12   9.46293350E-14   5.85848644E-16
         471   4.70001268       2.94574071E-14  -6.35252614E-12   2.90047967E-14   4.52610361E-16
         472   4.71001291      -3.11605329E-14  -5.74091252E-12  -3.14727594E-14   3.12226509E-16
         473   4.72001314      -8.48280186E-14  -4.96970173E-12  -8.50030834E-14   1.75064770E-16
         474   4.73001337      -1.30170424E-13  -4.08333870E-12  -1.30214090E-13   4.36662425E-17
         475   4.74001360      -1.66259760E-13  -3.12640755E-12  -1.66180559E-13   7.92009687E-17
         476   4.75001383      -1.92607391E-13  -2.14192726E-12  -1.92420895E-13   1.86496326E-16
         477   4.76001406      -2.09140742E-13  -1.16986856E-12  -2.08863376E-13   2.77366021E-16
         478   4.77001429      -2.16166481E-13  -2.45926977E-13  -2.15816067E-13   3.50414142E-16
         479   4.78001451      -2.14322795E-13   5.99424102E-13  -2.13919553E-13   4.03241893E-16
         480   4.79001474      -2.04523627E-13   1.34159242E-12  -2.04087154E-13   4.36472690E-16
         481   4.80001497      -1.87897766E-13   1.96224027E-12  -1.87447551E-13   4.50214952E-16
         482   4.81001520      -1.65725574E-13   2.44938553E-12  -1.65279303E-13   4.46271167E-16
         483   4.82001543      -1.39375992E-13   2.79725093E-12  -1.38949819E-13   4.26172769E-16
         484   4.83001566      -1.10246176E-13   3.00589263E-12  -1.09854996E-13   3.91180144E-16
         485   4.84001589      -7.97058139E-14   3.08064360E-12  -7.93601906E-14   3.45623324E-16
         486   4.85001612      -4.90477511E-14   3.03140889E-12  -4.87563853E-14   2.91365781E-16
         487   4.86001635      -1.94462942E-14   2.87185445E-12  -1.92161977E-14   2.30096500E-16
         488   4.87001657       8.07609662E-15   2.61853126E-12   8.24288842E-15   1.66791799E-16
         489   4.88001680       3.26731203E-14   2.28997268E-12   3.27760924E-14   1.02972101E-16
         490   4.89001703       5.36899965E-14   1.90580277E-12   5.37301865E-14   4.01900193E-17
         491   4.90001726       7.06700662E-14   1.48588780E-12   7.06524750E-14   1.75911802E-17
         492   4.91001749       8.33532868E-14   1.04955985E-12   8.32837082E-14   6.95786744E-17
         493   4.92001772       9.16673624E-14   6.14934210E-13   9.15525929E-14   1.14769576E-16
         494   4.93001795       9.57126292E-14   1.98337440E-13   9.55614711E-14   1.51158112E-16
         495   4.94001818       9.57418349E-14  -1.86141223E-13   9.55631245E-14   1.78710399E-16
         496   4.95001841       9.21360359E-14  -5.26971858E-13   9.19388467E-14   1.97189270E-16
         497   4.96001863       8.53779260E-14  -8.15377605E-13   8.51713313E-14   2.06594724E-16
         498   4.97001886       7.60238565E-14  -1.04540562E-12   7.58163335E-14   2.07523072E-16
         499   4.98001909       6.46757292E-14  -1.21388424E-12   6.44750231E-14   2.00706151E-16
         500   4.99001932       5.19538195E-14  -1.32027874E-12   5.17671640E-14   1.86655568E-16
