           1   0.00000000       0.00000000      0.100000001       0.00000000      0.100000001       0.00000000    
           2   9.99999978E-03   8.18666595E-04   6.55000061E-02   8.18741682E-04   6.55219182E-02   1.63740828E-03
           3   1.99999996E-02   1.34053943E-03   4.02216390E-02   1.34108658E-03   4.02985811E-02   2.68162601E-03
           4   2.99999993E-02   1.64631638E-03   2.19553541E-02   1.64799695E-03   2.21076701E-02   3.29431333E-03
           5   3.99999991E-02   1.79719215E-03   8.98961909E-03   1.80082186E-03   9.22840741E-03   3.59801389E-03
           6   4.99999970E-02   1.83927640E-03   2.99606472E-06   1.84574712E-03   3.32763419E-04   3.68502364E-03
           7   5.99999949E-02   1.80705229E-03  -6.02105539E-03   1.81727658E-03  -5.60039142E-03   3.62432888E-03
           8   6.99999928E-02   1.72607624E-03  -9.86128487E-03   1.74094934E-03  -9.35291033E-03   3.46702570E-03
           9   7.99999908E-02   1.61508133E-03  -1.21114664E-02   1.63545564E-03  -1.15205646E-02   3.25053697E-03
          10   8.99999887E-02   1.48761109E-03  -1.32218637E-02   1.51428068E-03  -1.25548132E-02   3.00189178E-03
          11   9.99999866E-02   1.35328528E-03  -1.35317510E-02   1.38697715E-03  -1.27955470E-02   2.74026254E-03
          12  0.109999985       1.21877773E-03  -1.32948551E-02   1.26014743E-03  -1.24967005E-02   2.47892505E-03
          13  0.119999982       1.08856801E-03  -1.26992213E-02   1.13819912E-03  -1.18462481E-02   2.22676713E-03
          14  0.129999980       9.65517480E-04  -1.18826870E-02   1.02392363E-03  -1.09817693E-02   1.98944099E-03
          15  0.139999986       8.51309160E-04  -1.09449085E-02   9.18936916E-04  -1.00025451E-02   1.77024608E-03
          16  0.149999991       7.46780541E-04  -9.95666906E-03   8.24013725E-04  -8.97891913E-03   1.57079427E-03
          17  0.159999996       6.52175047E-04  -8.96707550E-03   7.39339215E-04  -7.95952883E-03   1.39151420E-03
          18  0.170000002       5.67329815E-04  -8.00909009E-03   6.64696912E-04  -6.97686151E-03   1.23202673E-03
          19  0.180000007       4.91814862E-04  -7.10377004E-03   5.99608116E-04  -6.05151057E-03   1.09142298E-03
          20  0.190000013       4.25035512E-04  -6.26349915E-03   5.43433824E-04  -5.19542117E-03   9.68469307E-04
          21  0.200000018       3.66306049E-04  -5.49444184E-03   4.95448243E-04  -4.41434700E-03   8.61754292E-04
          22  0.210000023       3.14902310E-04  -4.79838951E-03   4.54891153E-04  -3.70970368E-03   7.69793463E-04
          23  0.220000029       2.70098215E-04  -4.17414540E-03   4.21003904E-04  -3.07995081E-03   6.91102119E-04
          24  0.230000034       2.31190148E-04  -3.61854676E-03   3.93053691E-04  -2.52161734E-03   6.24243869E-04
          25  0.240000039       1.97512782E-04  -3.12721869E-03   3.70348804E-04  -2.03005178E-03   5.67861600E-04
          26  0.250000030       1.68448227E-04  -2.69511668E-03   3.52247676E-04  -1.59996387E-03   5.20695932E-04
          27  0.260000020       1.43430749E-04  -2.31691310E-03   3.38163140E-04  -1.22580864E-03   4.81593888E-04
          28  0.270000011       1.21948135E-04  -1.98726589E-03   3.27563612E-04  -9.02052270E-04   4.49511746E-04
          29  0.280000001       1.03540893E-04  -1.70099863E-03   3.19972052E-04  -6.23349333E-04   4.23512945E-04
          30  0.289999992       8.77999701E-05  -1.45321595E-03   3.14963429E-04  -3.84656538E-04   4.02763399E-04
          31  0.299999982       7.43635464E-05  -1.23937207E-03   3.12161341E-04  -1.81298296E-04   3.86524887E-04
          32  0.309999973       6.29133792E-05  -1.05530454E-03   3.11234151E-04  -8.99843872E-06   3.74147523E-04
          33  0.319999963       5.31708720E-05  -8.97244841E-04   3.11890937E-04   1.36110932E-04   3.65061802E-04
          34  0.329999954       4.48931642E-05  -7.61812262E-04   3.13877477E-04   2.57497799E-04   3.58770631E-04
          35  0.339999944       3.78693330E-05  -6.45997177E-04   3.16972291E-04   3.58248421E-04   3.54841613E-04
          36  0.349999934       3.19167957E-05  -5.47137577E-04   3.20982945E-04   4.41092241E-04   3.52899748E-04
          37  0.359999925       2.68779550E-05  -4.62892000E-04   3.25742643E-04   5.08430297E-04   3.52620613E-04
          38  0.369999915       2.26171524E-05  -3.91210604E-04   3.31107061E-04   5.62365167E-04   3.53724201E-04
          39  0.379999906       1.90178871E-05  -3.30306590E-04   3.36951547E-04   6.04730565E-04   3.55969445E-04
          40  0.389999896       1.59803312E-05  -2.78628053E-04   3.43168562E-04   6.37120684E-04   3.59148893E-04
          41  0.399999887       1.34191077E-05  -2.34831634E-04   3.49665439E-04   6.60916849E-04   3.63084546E-04
          42  0.409999877       1.12613379E-05  -1.97757821E-04   3.56362376E-04   6.77312899E-04   3.67623725E-04
          43  0.419999868       9.44491148E-06  -1.66408499E-04   3.63190600E-04   6.87338470E-04   3.72635521E-04
          44  0.429999858       7.91697948E-06  -1.39926502E-04   3.70091002E-04   6.91879774E-04   3.78007971E-04
          45  0.439999849       6.63263700E-06  -1.17577329E-04   3.77012591E-04   6.91698166E-04   3.83645238E-04
          46  0.449999839       5.55377846E-06  -9.87328240E-05   3.83911538E-04   6.87447260E-04   3.89465305E-04
          47  0.459999830       4.64810955E-06  -8.28567718E-05   3.90749978E-04   6.79687015E-04   3.95398092E-04
          48  0.469999820       3.88829176E-06  -6.94921982E-05   3.97495314E-04   6.68897235E-04   4.01383615E-04
          49  0.479999810       3.25120754E-06  -5.82502507E-05   4.04119317E-04   6.55488460E-04   4.07370535E-04
          50  0.489999801       2.71732779E-06  -4.88005353E-05   4.10597626E-04   6.39812264E-04   4.13314963E-04
          51  0.499999791       2.27017017E-06  -4.08626947E-05   4.16909112E-04   6.22169522E-04   4.19179269E-04
          52  0.509999812       1.89583727E-06  -3.41991145E-05   4.23035439E-04   6.02817570E-04   4.24931262E-04
          53  0.519999802       1.58262014E-06  -2.86086561E-05   4.28960630E-04   5.81977307E-04   4.30543238E-04
          54  0.529999793       1.32066202E-06  -2.39212241E-05   4.34670772E-04   5.59838023E-04   4.35991446E-04
          55  0.539999783       1.10167139E-06  -1.99931292E-05   4.40153730E-04   5.36562526E-04   4.41255397E-04
          56  0.549999774       9.18678325E-07  -1.67031067E-05   4.45398822E-04   5.12291095E-04   4.46317514E-04
          57  0.559999764       7.65828077E-07  -1.39489002E-05   4.50396736E-04   4.87144891E-04   4.51162574E-04
          58  0.569999754       6.38205563E-07  -1.16443616E-05   4.55139263E-04   4.61228890E-04   4.55777481E-04
          59  0.579999745       5.31687192E-07  -9.71696772E-06   4.59619157E-04   4.34634334E-04   4.60150855E-04
          60  0.589999735       4.42815377E-07  -8.10571237E-06   4.63830074E-04   4.07441083E-04   4.64272889E-04
          61  0.599999726       3.68692582E-07  -6.75931415E-06   4.67766338E-04   3.79719218E-04   4.68135026E-04
          62  0.609999716       3.06891934E-07  -5.63469621E-06   4.71423002E-04   3.51530645E-04   4.71729902E-04
          63  0.619999707       2.55381735E-07  -4.69569477E-06   4.74795699E-04   3.22930398E-04   4.75051085E-04
          64  0.629999697       2.12461956E-07  -3.91197000E-06   4.77880531E-04   2.93967780E-04   4.78092988E-04
          65  0.639999688       1.76710799E-07  -3.25808242E-06   4.80674120E-04   2.64687289E-04   4.80850838E-04
          66  0.649999678       1.46939641E-07  -2.71271301E-06   4.83173470E-04   2.35129046E-04   4.83320415E-04
          67  0.659999669       1.22155228E-07  -2.25800545E-06   4.85376018E-04   2.05330201E-04   4.85498167E-04
          68  0.669999659       1.01527903E-07  -1.87901128E-06   4.87279525E-04   1.75324676E-04   4.87381039E-04
          69  0.679999650       8.43649417E-08  -1.56322244E-06   4.88882069E-04   1.45144266E-04   4.88966412E-04
          70  0.689999640       7.00881628E-08  -1.30017781E-06   4.90182079E-04   1.14818664E-04   4.90252161E-04
          71  0.699999630       5.82151607E-08  -1.08113181E-06   4.91178187E-04   8.43756934E-05   4.91236395E-04
          72  0.709999621       4.83435905E-08  -8.98776591E-07   4.91869403E-04   5.38422682E-05   4.91917774E-04
          73  0.719999611       4.01379836E-08  -7.47007846E-07   4.92254912E-04   2.32434577E-05   4.92295076E-04
          74  0.729999602       3.33187273E-08  -6.20728656E-07   4.92334249E-04  -7.39601091E-06   4.92367544E-04
          75  0.739999592       2.76528400E-08  -5.15684974E-07   4.92107065E-04  -3.80529127E-05   4.92134714E-04
          76  0.749999583       2.29462529E-08  -4.28327496E-07   4.91573301E-04  -6.87042048E-05   4.91596234E-04
          77  0.759999573       1.90373548E-08  -3.55695846E-07   4.90733190E-04  -9.93276044E-05   4.90752223E-04
          78  0.769999564       1.57916027E-08  -2.95321769E-07   4.89587022E-04  -1.29901848E-04   4.89602797E-04
          79  0.779999554       1.30970221E-08  -2.45147987E-07   4.88135469E-04  -1.60405369E-04   4.88148566E-04
          80  0.789999545       1.08604432E-08  -2.03460317E-07   4.86379315E-04  -1.90817314E-04   4.86390170E-04
          81  0.799999535       9.00436170E-09  -1.68830837E-07   4.84319607E-04  -2.21117312E-04   4.84328601E-04
          82  0.809999526       7.46432338E-09  -1.40070483E-07   4.81957541E-04  -2.51285150E-04   4.81964991E-04
          83  0.819999516       6.18673868E-09  -1.16189341E-07   4.79294540E-04  -2.81301094E-04   4.79300739E-04
          84  0.829999506       5.12706100E-09  -9.63635216E-08   4.76332207E-04  -3.11145530E-04   4.76337329E-04
          85  0.839999497       4.24827062E-09  -7.99075224E-08   4.73072374E-04  -3.40798841E-04   4.73076623E-04
          86  0.849999487       3.51960794E-09  -6.62510971E-08   4.69517050E-04  -3.70242167E-04   4.69520572E-04
          87  0.859999478       2.91552182E-09  -5.49200116E-08   4.65668418E-04  -3.99456447E-04   4.65671328E-04
          88  0.869999468       2.41479126E-09  -4.55199682E-08   4.61528864E-04  -4.28423082E-04   4.61531279E-04
          89  0.879999459       1.99979522E-09  -3.77232148E-08   4.57100949E-04  -4.57123620E-04   4.57102957E-04
          90  0.889999449       1.65590475E-09  -3.12573682E-08   4.52387438E-04  -4.85539873E-04   4.52389097E-04
          91  0.899999440       1.37097755E-09  -2.58961119E-08   4.47391270E-04  -5.13653678E-04   4.47392638E-04
          92  0.909999430       1.13493692E-09  -2.14514486E-08   4.42115532E-04  -5.41447604E-04   4.42116667E-04
          93  0.919999421       9.39421874E-10  -1.77672383E-08   4.36563540E-04  -5.68903808E-04   4.36564471E-04
          94  0.929999411       7.77496234E-10  -1.47138346E-08   4.30738728E-04  -5.96005179E-04   4.30739514E-04
          95  0.939999402       6.43406883E-10  -1.21836026E-08   4.24644764E-04  -6.22734486E-04   4.24645405E-04
          96  0.949999392       5.32382693E-10  -1.00872031E-08   4.18285432E-04  -6.49075140E-04   4.18285956E-04
          97  0.959999382       4.40467690E-10  -8.35049363E-09   4.11664718E-04  -6.75010437E-04   4.11665154E-04
          98  0.969999373       3.64382108E-10  -6.91195812E-09   4.04786726E-04  -7.00524310E-04   4.04787104E-04
          99  0.979999363       3.01407371E-10  -5.72056269E-09   3.97655764E-04  -7.25600461E-04   3.97656055E-04
         100  0.989999354       2.49290366E-10  -4.73397721E-09   3.90276313E-04  -7.50223466E-04   3.90276575E-04
         101  0.999999344       2.06163989E-10  -3.91709776E-09   3.82652943E-04  -7.74377782E-04   3.82653147E-04
         102   1.00999939       1.70481268E-10  -3.24081739E-09   3.74790427E-04  -7.98048393E-04   3.74790601E-04
         103   1.01999938       1.40960674E-10  -2.68100475E-09   3.66693712E-04  -8.21220281E-04   3.66693857E-04
         104   1.02999938       1.16540666E-10  -2.21765739E-09   3.58367804E-04  -8.43879185E-04   3.58367921E-04
         105   1.03999937       9.63420940E-11  -1.83419746E-09   3.49817943E-04  -8.66010552E-04   3.49818030E-04
         106   1.04999936       7.96369359E-11  -1.51688762E-09   3.41049454E-04  -8.87600647E-04   3.41049541E-04
         107   1.05999935       6.58223823E-11  -1.25434585E-09   3.32067837E-04  -9.08636197E-04   3.32067895E-04
         108   1.06999934       5.43993843E-11  -1.03714293E-09   3.22878681E-04  -9.29104048E-04   3.22878739E-04
         109   1.07999933       4.49548385E-11  -8.57468485E-10   3.13487748E-04  -9.48991103E-04   3.13487806E-04
         110   1.08999932       3.71468203E-11  -7.08853976E-10   3.03900888E-04  -9.68285080E-04   3.03900917E-04
         111   1.09999931       3.06923618E-11  -5.85942794E-10   2.94124096E-04  -9.86973988E-04   2.94124126E-04
         112   1.10999930       2.53573048E-11  -4.84299767E-10   2.84163514E-04  -1.00504619E-03   2.84163543E-04
         113   1.11999929       2.09479066E-11  -4.00253081E-10   2.74025340E-04  -1.02249021E-03   2.74025369E-04
         114   1.12999928       1.73038823E-11  -3.30763195E-10   2.63715890E-04  -1.03929511E-03   2.63715920E-04
         115   1.13999927       1.42926391E-11  -2.73314343E-10   2.53241626E-04  -1.05545064E-03   2.53241626E-04
         116   1.14999926       1.18045079E-11  -2.25824526E-10   2.42609109E-04  -1.07094669E-03   2.42609123E-04
         117   1.15999925       9.74878511E-12  -1.86570884E-10   2.31824961E-04  -1.08577323E-03   2.31824975E-04
         118   1.16999924       8.05046307E-12  -1.54127947E-10   2.20895934E-04  -1.09992106E-03   2.20895949E-04
         119   1.17999923       6.64751761E-12  -1.27316394E-10   2.09828853E-04  -1.11338170E-03   2.09828853E-04
         120   1.18999922       5.48866768E-12  -1.05160644E-10   1.98630645E-04  -1.12614664E-03   1.98630645E-04
         121   1.19999921       4.53151796E-12  -8.68537742E-11   1.87308295E-04  -1.13820774E-03   1.87308295E-04
         122   1.20999920       3.74102225E-12  -7.17284288E-11   1.75868889E-04  -1.14955730E-03   1.75868889E-04
         123   1.21999919       3.08821285E-12  -5.92327229E-11   1.64319572E-04  -1.16018858E-03   1.64319572E-04
         124   1.22999918       2.54914753E-12  -4.89103029E-11   1.52667548E-04  -1.17009494E-03   1.52667548E-04
         125   1.23999918       2.10404003E-12  -4.03838560E-11   1.40920121E-04  -1.17926986E-03   1.40920121E-04
         126   1.24999917       1.73654006E-12  -3.33414546E-11   1.29084627E-04  -1.18770765E-03   1.29084627E-04
         127   1.25999916       1.43313735E-12  -2.75252442E-11   1.17168456E-04  -1.19540328E-03   1.17168456E-04
         128   1.26999915       1.18266963E-12  -2.27220812E-11   1.05179060E-04  -1.20235200E-03   1.05179060E-04
         129   1.27999914       9.75915421E-13  -1.87558129E-11   9.31239265E-05  -1.20854913E-03   9.31239265E-05
         130   1.28999913       8.05256794E-13  -1.54808544E-11   8.10105921E-05  -1.21399073E-03   8.10105921E-05
         131   1.29999912       6.64401368E-13  -1.27769071E-11   6.88466316E-05  -1.21867389E-03   6.88466316E-05
         132   1.30999911       5.48151910E-13  -1.05445670E-11   5.66396448E-05  -1.22259557E-03   5.66396448E-05
         133   1.31999910       4.52216118E-13  -8.70170602E-12   4.43972604E-05  -1.22575299E-03   4.43972604E-05
         134   1.32999909       3.73049302E-13  -7.18047453E-12   3.21271291E-05  -1.22814416E-03   3.21271291E-05
         135   1.33999908       3.07724359E-13  -5.92482313E-12   1.98369198E-05  -1.22976804E-03   1.98369198E-05
         136   1.34999907       2.53824387E-13  -4.88845379E-12   7.53431232E-06  -1.23062346E-03   7.53431277E-06
         137   1.35999906       2.09353856E-13  -4.03312756E-12  -4.77300364E-06  -1.23070960E-03  -4.77300364E-06
         138   1.36999905       1.72665322E-13  -3.32726273E-12  -1.70773383E-05  -1.23002636E-03  -1.70773383E-05
         139   1.37999904       1.42398734E-13  -2.74477858E-12  -2.93709963E-05  -1.22857466E-03  -2.93709963E-05
         140   1.38999903       1.17431428E-13  -2.26413831E-12  -4.16463008E-05  -1.22635521E-03  -4.16463008E-05
         141   1.39999902       9.68367164E-14  -1.86755949E-12  -5.38955792E-05  -1.22336927E-03  -5.38955792E-05
         142   1.40999901       7.98497621E-14  -1.54035942E-12  -6.61111699E-05  -1.21961860E-03  -6.61111699E-05
         143   1.41999900       6.58393221E-14  -1.27041682E-12  -7.82854477E-05  -1.21510588E-03  -7.82854477E-05
         144   1.42999899       5.42844612E-14  -1.04772484E-12  -9.04108019E-05  -1.20983389E-03  -9.04108019E-05
         145   1.43999898       4.47552999E-14  -8.64023263E-13  -1.02479651E-04  -1.20380556E-03  -1.02479651E-04
         146   1.44999897       3.68971211E-14  -7.12493920E-13  -1.14484450E-04  -1.19702471E-03  -1.14484450E-04
         147   1.45999897       3.04172411E-14  -5.87509316E-13  -1.26417697E-04  -1.18949602E-03  -1.26417697E-04
         148   1.46999896       2.50741827E-14  -4.84424946E-13  -1.38271949E-04  -1.18122413E-03  -1.38271949E-04
         149   1.47999895       2.06687237E-14  -3.99407937E-13  -1.50039778E-04  -1.17221370E-03  -1.50039778E-04
         150   1.48999894       1.70365126E-14  -3.29295375E-13  -1.61713833E-04  -1.16247067E-03  -1.61713833E-04
         151   1.49999893       1.40419741E-14  -2.71477366E-13  -1.73286826E-04  -1.15200120E-03  -1.73286826E-04
         152   1.50999892       1.15732771E-14  -2.23800457E-13  -1.84751523E-04  -1.14081206E-03  -1.84751523E-04
         153   1.51999891       9.53817967E-15  -1.84487923E-13  -1.96100751E-04  -1.12890976E-03  -1.96100751E-04
         154   1.52999890       7.86060297E-15  -1.52073951E-13  -2.07327423E-04  -1.11630175E-03  -2.07327423E-04
         155   1.53999889       6.47780178E-15  -1.25349289E-13  -2.18424524E-04  -1.10299629E-03  -2.18424524E-04
         156   1.54999888       5.33803128E-15  -1.03316424E-13  -2.29385128E-04  -1.08900154E-03  -2.29385128E-04
         157   1.55999887       4.39862092E-15  -8.51525339E-14  -2.40202367E-04  -1.07432599E-03  -2.40202367E-04
         158   1.56999886       3.62438283E-15  -7.01789294E-14  -2.50869489E-04  -1.05897896E-03  -2.50869489E-04
         159   1.57999885       2.98630381E-15  -5.78358433E-14  -2.61379813E-04  -1.04297034E-03  -2.61379813E-04
         160   1.58999884       2.46046131E-15  -4.76616291E-14  -2.71726807E-04  -1.02630991E-03  -2.71726807E-04
         161   1.59999883       2.02713132E-15  -3.92755591E-14  -2.81903980E-04  -1.00900792E-03  -2.81903980E-04
         162   1.60999882       1.67005304E-15  -3.23636720E-14  -2.91904958E-04  -9.91075183E-04  -2.91904958E-04
         163   1.61999881       1.37582090E-15  -2.66670722E-14  -3.01723514E-04  -9.72523296E-04  -3.01723514E-04
         164   1.62999880       1.13338376E-15  -2.19722871E-14  -3.11353506E-04  -9.53363720E-04  -3.11353506E-04
         165   1.63999879       9.33632008E-16  -1.81033015E-14  -3.20788909E-04  -9.33607924E-04  -3.20788909E-04
         166   1.64999878       7.69056629E-16  -1.49149966E-14  -3.30023817E-04  -9.13268828E-04  -3.30023817E-04
         167   1.65999877       6.33468413E-16  -1.22877265E-14  -3.39052465E-04  -8.92359123E-04  -3.39052465E-04
         168   1.66999876       5.21766102E-16  -1.01228586E-14  -3.47869238E-04  -8.70891789E-04  -3.47869238E-04
         169   1.67999876       4.29745342E-16  -8.33908256E-15  -3.56468605E-04  -8.48880096E-04  -3.56468605E-04
         170   1.68999875       3.53941187E-16  -6.86937198E-15  -3.64845182E-04  -8.26337666E-04  -3.64845182E-04
         171   1.69999874       2.91498157E-16  -5.65847824E-15  -3.72993731E-04  -8.03278934E-04  -3.72993731E-04
         172   1.70999873       2.40063166E-16  -4.66086274E-15  -3.80909187E-04  -7.79718335E-04  -3.80909187E-04
         173   1.71999872       1.97697133E-16  -3.83899176E-15  -3.88586574E-04  -7.55670248E-04  -3.88586574E-04
         174   1.72999871       1.62802300E-16  -3.16193185E-15  -3.96021118E-04  -7.31150038E-04  -3.96021118E-04
         175   1.73999870       1.34062154E-16  -2.60418861E-15  -4.03208163E-04  -7.06172723E-04  -4.03208163E-04
         176   1.74999869       1.10391978E-16  -2.14475243E-15  -4.10143228E-04  -6.80754136E-04  -4.10143228E-04
         177   1.75999868       9.08980636E-17  -1.76630976E-15  -4.16821946E-04  -6.54910109E-04  -4.16821946E-04
         178   1.76999867       7.48441290E-17  -1.45459380E-15  -4.23240184E-04  -6.28656824E-04  -4.23240184E-04
         179   1.77999866       6.16235858E-17  -1.19784848E-15  -4.29393898E-04  -6.02010638E-04  -4.29393898E-04
         180   1.78999865       5.07367342E-17  -9.86387443E-16  -4.35279246E-04  -5.74988255E-04  -4.35279246E-04
         181   1.79999864       4.17719261E-17  -8.12229687E-16  -4.40892560E-04  -5.47606498E-04  -4.40892560E-04
         182   1.80999863       3.43900704E-17  -6.68799586E-16  -4.46230348E-04  -5.19882538E-04  -4.46230348E-04
         183   1.81999862       2.83118579E-17  -5.50679730E-16  -4.51289263E-04  -4.91833605E-04  -4.51289263E-04
         184   1.82999861       2.33072249E-17  -4.53407102E-16  -4.56066133E-04  -4.63477336E-04  -4.56066133E-04
         185   1.83999860       1.91866793E-17  -3.73305049E-16  -4.60557960E-04  -4.34831338E-04  -4.60557960E-04
         186   1.84999859       1.57941486E-17  -3.07344793E-16  -4.64761950E-04  -4.05913655E-04  -4.64761950E-04
         187   1.85999858       1.30010955E-17  -2.53031399E-16  -4.68675484E-04  -3.76742304E-04  -4.68675484E-04
         188   1.86999857       1.07016591E-17  -2.08309820E-16  -4.72296117E-04  -3.47335445E-04  -4.72296117E-04
         189   1.87999856       8.80866041E-18  -1.71487299E-16  -4.75621579E-04  -3.17711616E-04  -4.75621579E-04
         190   1.88999856       7.25030590E-18  -1.41169608E-16  -4.78649803E-04  -2.87889212E-04  -4.78649803E-04
         191   1.89999855       5.96747533E-18  -1.16208434E-16  -4.81378898E-04  -2.57886830E-04  -4.81378898E-04
         192   1.90999854       4.91148580E-18  -9.56580182E-17  -4.83807147E-04  -2.27723154E-04  -4.83807147E-04
         193   1.91999853       4.04225091E-18  -7.87394813E-17  -4.85933007E-04  -1.97417205E-04  -4.85933007E-04
         194   1.92999852       3.32676305E-18  -6.48113877E-17  -4.87755198E-04  -1.66987898E-04  -4.87755198E-04
         195   1.93999851       2.73784458E-18  -5.33454997E-17  -4.89272526E-04  -1.36454182E-04  -4.89272526E-04
         196   1.94999850       2.25311922E-18  -4.39068296E-17  -4.90484119E-04  -1.05835352E-04  -4.90484119E-04
         197   1.95999849       1.85416401E-18  -3.61371883E-17  -4.91389132E-04  -7.51502375E-05  -4.91389132E-04
         198   1.96999848       1.52581126E-18  -2.97416296E-17  -4.91987041E-04  -4.44183279E-05  -4.91987041E-04
         199   1.97999847       1.25557394E-18  -2.44772918E-17  -4.92277497E-04  -1.36585331E-05  -4.92277497E-04
         200   1.98999846       1.03317216E-18  -2.01442120E-17  -4.92260326E-04   1.71096326E-05  -4.92260326E-04
         201   1.99999845       8.50143250E-19  -1.65777533E-17  -4.91935469E-04   4.78673901E-05  -4.91935469E-04
         202   2.00999856       6.99520846E-19  -1.36423639E-17  -4.91303159E-04   7.85950688E-05  -4.91303159E-04
         203   2.01999855       5.75570416E-19  -1.12264456E-17  -4.90363804E-04   1.09273897E-04  -4.90363804E-04
         204   2.02999854       4.73571602E-19  -9.23812348E-18  -4.89117985E-04   1.39884331E-04  -4.89117985E-04
         205   2.03999853       3.89638878E-19  -7.60176005E-18  -4.87566518E-04   1.70407278E-04  -4.87566518E-04
         206   2.04999852       3.20574131E-19  -6.25509016E-18  -4.85710334E-04   2.00823502E-04  -4.85710334E-04
         207   2.05999851       2.63745065E-19  -5.14685756E-18  -4.83550597E-04   2.31114464E-04  -4.83550597E-04
         208   2.06999850       2.16985139E-19  -4.23486902E-18  -4.81088646E-04   2.61261128E-04  -4.81088646E-04
         209   2.07999849       1.78511211E-19  -3.48439328E-18  -4.78326023E-04   2.91244360E-04  -4.78326023E-04
         210   2.08999848       1.46855746E-19  -2.86684236E-18  -4.75264475E-04   3.21045634E-04  -4.75264475E-04
         211   2.09999847       1.20810995E-19  -2.35868546E-18  -4.71905892E-04   3.50646063E-04  -4.71905892E-04
         212   2.10999846       9.93830041E-20  -1.94055476E-18  -4.68252401E-04   3.80027428E-04  -4.68252401E-04
         213   2.11999846       8.17538142E-20  -1.59650956E-18  -4.64306242E-04   4.09171480E-04  -4.64306242E-04
         214   2.12999845       6.72503073E-20  -1.31343026E-18  -4.60069918E-04   4.38059447E-04  -4.60069918E-04
         215   2.13999844       5.53185694E-20  -1.08051915E-18  -4.55546076E-04   4.66673664E-04  -4.55546076E-04
         216   2.14999843       4.55028016E-20  -8.88889941E-19  -4.50737512E-04   4.94996551E-04  -4.50737512E-04
         217   2.15999842       3.74279420E-20  -7.31229419E-19  -4.45647252E-04   5.23009920E-04  -4.45647252E-04
         218   2.16999841       3.07853747E-20  -6.01519279E-19  -4.40278498E-04   5.50696452E-04  -4.40278498E-04
         219   2.17999840       2.53211666E-20  -4.94806983E-19  -4.34634567E-04   5.78038627E-04  -4.34634567E-04
         220   2.18999839       2.08263819E-20  -4.07016960E-19  -4.28719010E-04   6.05019683E-04  -4.28719010E-04
         221   2.19999838       1.71291140E-20  -3.34795563E-19  -4.22535522E-04   6.31622679E-04  -4.22535522E-04
         222   2.20999837       1.40879230E-20  -2.75383238E-19  -4.16087976E-04   6.57830620E-04  -4.16087976E-04
         223   2.21999836       1.15864440E-20  -2.26509271E-19  -4.09380387E-04   6.83627557E-04  -4.09380387E-04
         224   2.22999835       9.52893890E-21  -1.86305321E-19  -4.02416947E-04   7.08997482E-04  -4.02416947E-04
         225   2.23999834       7.83664531E-21  -1.53234084E-19  -3.95201991E-04   7.33924448E-04  -3.95201991E-04
         226   2.24999833       6.44476650E-21  -1.26030724E-19  -3.87740060E-04   7.58392678E-04  -3.87740060E-04
         227   2.25999832       5.29999660E-21  -1.03654591E-19  -3.80035810E-04   7.82386633E-04  -3.80035810E-04
         228   2.26999831       4.35848452E-21  -8.52494795E-20  -3.72094044E-04   8.05891817E-04  -3.72094044E-04
         229   2.27999830       3.58415663E-21  -7.01109951E-20  -3.63919738E-04   8.28893506E-04  -3.63919738E-04
         230   2.28999829       2.94733903E-21  -5.76596198E-20  -3.55517986E-04   8.51376739E-04  -3.55517986E-04
         231   2.29999828       2.42362223E-21  -4.74186036E-20  -3.46894056E-04   8.73327954E-04  -3.46894056E-04
         232   2.30999827       1.99292770E-21  -3.89957401E-20  -3.38053331E-04   8.94733646E-04  -3.38053331E-04
         233   2.31999826       1.63873991E-21  -3.20683836E-20  -3.29001312E-04   9.15580196E-04  -3.29001312E-04
         234   2.32999825       1.34747419E-21  -2.63711189E-20  -3.19743674E-04   9.35854565E-04  -3.19743674E-04
         235   2.33999825       1.10795693E-21  -2.16856125E-20  -3.10286210E-04   9.55543539E-04  -3.10286210E-04
         236   2.34999824       9.10997879E-22  -1.78322659E-20  -3.00634827E-04   9.74635594E-04  -3.00634827E-04
         237   2.35999823       7.49038247E-22  -1.46633483E-20  -2.90795579E-04   9.93118738E-04  -2.90795579E-04
         238   2.36999822       6.15861159E-22  -1.20573441E-20  -2.80774577E-04   1.01098069E-03  -2.80774577E-04
         239   2.37999821       5.06353583E-22  -9.91430086E-21  -2.70578108E-04   1.02821109E-03  -2.70578108E-04
         240   2.38999820       4.16310450E-22  -8.15200630E-21  -2.60212546E-04   1.04479899E-03  -2.60212546E-04
         241   2.39999819       3.42273393E-22  -6.70284201E-21  -2.49684352E-04   1.06073404E-03  -2.49684352E-04
         242   2.40999818       2.81398272E-22  -5.51119261E-21  -2.39000117E-04   1.07600621E-03  -2.39000117E-04
         243   2.41999817       2.31346120E-22  -4.53131680E-21  -2.28166507E-04   1.09060551E-03  -2.28166507E-04
         244   2.42999816       1.90193468E-22  -3.72559401E-21  -2.17190303E-04   1.10452354E-03  -2.17190303E-04
         245   2.43999815       1.56358542E-22  -3.06308434E-21  -2.06078359E-04   1.11775147E-03  -2.06078359E-04
         246   2.44999814       1.28540606E-22  -2.51834229E-21  -1.94837630E-04   1.13028020E-03  -1.94837630E-04
         247   2.45999813       1.05670032E-22  -2.07044196E-21  -1.83475131E-04   1.14210276E-03  -1.83475131E-04
         248   2.46999812       8.68672677E-23  -1.70217372E-21  -1.71997977E-04   1.15321181E-03  -1.71997977E-04
         249   2.47999811       7.14090649E-23  -1.39938512E-21  -1.60413329E-04   1.16360013E-03  -1.60413329E-04
         250   2.48999810       5.87007303E-23  -1.15043819E-21  -1.48728417E-04   1.17326132E-03  -1.48728417E-04
         251   2.49999809       4.82532584E-23  -9.45762285E-22  -1.36950563E-04   1.18218886E-03  -1.36950563E-04
         252   2.50999808       3.96645763E-23  -7.77487626E-22  -1.25087114E-04   1.19037786E-03  -1.25087114E-04
         253   2.51999807       3.26040914E-23  -6.39142628E-22  -1.13145492E-04   1.19782309E-03  -1.13145492E-04
         254   2.52999806       2.67999842E-23  -5.25405950E-22  -1.01133155E-04   1.20451918E-03  -1.01133155E-04
         255   2.53999805       2.20287672E-23  -4.31901926E-22  -8.90576193E-05   1.21046277E-03  -8.90576193E-05
         256   2.54999804       1.81066928E-23  -3.55032644E-22  -7.69264225E-05   1.21565000E-03  -7.69264225E-05
         257   2.55999804       1.48826877E-23  -2.91839761E-22  -6.47471461E-05   1.22007751E-03  -6.47471461E-05
         258   2.56999803       1.22325497E-23  -2.39890885E-22  -5.25274045E-05   1.22374250E-03  -5.25274045E-05
         259   2.57999802       1.00541656E-23  -1.97186057E-22  -4.02748374E-05   1.22664240E-03  -4.02748374E-05
         260   2.58999801       8.26358619E-24  -1.62080914E-22  -2.79970991E-05   1.22877595E-03  -2.79970991E-05
         261   2.59999800       6.79179578E-24  -1.33223486E-22  -1.57018621E-05   1.23014161E-03  -1.57018621E-05
         262   2.60999799       5.58205668E-24  -1.09502249E-22  -3.39681355E-06   1.23073801E-03  -3.39681355E-06
         263   2.61999798       4.58772630E-24  -9.00033495E-23   8.91035688E-06   1.23056548E-03   8.91035688E-06
         264   2.62999797       3.77046088E-24  -7.39754693E-23   2.12119576E-05   1.22962403E-03   2.12119576E-05
         265   2.63999796       3.09873971E-24  -6.08009368E-23   3.35003060E-05   1.22791412E-03   3.35003060E-05
         266   2.64999795       2.54665146E-24  -4.99719528E-23   4.57677161E-05   1.22543692E-03   4.57677161E-05
         267   2.65999794       2.09289650E-24  -4.10710648E-23   5.80065243E-05   1.22219347E-03   5.80065243E-05
         268   2.66999793       1.71996605E-24  -3.37550868E-23   7.02090765E-05   1.21818646E-03   7.02090765E-05
         269   2.67999792       1.41346766E-24  -2.77418967E-23   8.23677547E-05   1.21341832E-03   8.23677547E-05
         270   2.68999791       1.16157116E-24  -2.27995774E-23   9.44749554E-05   1.20789127E-03   9.44749554E-05
         271   2.69999790       9.54552362E-25  -1.87374818E-23   1.06523112E-04   1.20160950E-03   1.06523112E-04
         272   2.70999789       7.84418336E-25  -1.53988915E-23   1.18504693E-04   1.19457697E-03   1.18504693E-04
         273   2.71999788       6.44599298E-25  -1.26549824E-23   1.30412212E-04   1.18679786E-03   1.30412212E-04
         274   2.72999787       5.29695199E-25  -1.03998610E-23   1.42238234E-04   1.17827707E-03   1.42238234E-04
         275   2.73999786       4.35267711E-25  -8.54648434E-24   1.53975358E-04   1.16901961E-03   1.53975358E-04
         276   2.74999785       3.57668795E-25  -7.02330358E-24   1.65616249E-04   1.15903176E-03   1.65616249E-04
         277   2.75999784       2.93900238E-25  -5.77150991E-24   1.77153634E-04   1.14831969E-03   1.77153634E-04
         278   2.76999784       2.41497761E-25  -4.74276429E-24   1.88580307E-04   1.13688956E-03   1.88580307E-04
         279   2.77999783       1.98436075E-25  -3.89733535E-24   1.99889124E-04   1.12474908E-03   1.99889124E-04
         280   2.78999782       1.63050647E-25  -3.20256662E-24   2.11073013E-04   1.11190591E-03   2.11073013E-04
         281   2.79999781       1.33973480E-25  -2.63161769E-24   2.22124989E-04   1.09836773E-03   2.22124989E-04
         282   2.80999780       1.10080301E-25  -2.16242808E-24   2.33038154E-04   1.08414318E-03   2.33038154E-04
         283   2.81999779       9.04471491E-26  -1.77686679E-24   2.43805669E-04   1.06924085E-03   2.43805669E-04
         284   2.82999778       7.43146909E-26  -1.46003205E-24   2.54420826E-04   1.05367042E-03   2.54420826E-04
         285   2.83999777       6.10589126E-26  -1.19967689E-24   2.64876959E-04   1.03744154E-03   2.64876959E-04
         286   2.84999776       5.01669899E-26  -9.85735935E-25   2.75167578E-04   1.02056400E-03   2.75167578E-04
         287   2.85999775       4.12175047E-26  -8.09937198E-25   2.85286224E-04   1.00304873E-03   2.85286224E-04
         288   2.86999774       3.38641377E-26  -6.65482468E-25   2.95226549E-04   9.84906685E-04   2.95226549E-04
         289   2.87999773       2.78223045E-26  -5.46784786E-25   3.04982386E-04   9.66149149E-04   3.04982386E-04
         290   2.88999772       2.28581430E-26  -4.49252834E-25   3.14547622E-04   9.46787884E-04   3.14547622E-04
         291   2.89999771       1.87794810E-26  -3.69113416E-25   3.23916262E-04   9.26834648E-04   3.23916262E-04
         292   2.90999770       1.54284060E-26  -3.03265841E-25   3.33082484E-04   9.06302361E-04   3.33082484E-04
         293   2.91999769       1.26751582E-26  -2.49162013E-25   3.42040526E-04   8.85203830E-04   3.42040526E-04
         294   2.92999768       1.04131142E-26  -2.04708037E-25   3.50784801E-04   8.63551628E-04   3.50784801E-04
         295   2.93999767       8.55466111E-27  -1.68183234E-25   3.59309866E-04   8.41359899E-04   3.59309866E-04
         296   2.94999766       7.02780927E-27  -1.38173684E-25   3.67610366E-04   8.18642380E-04   3.67610366E-04
         297   2.95999765       5.77340642E-27  -1.13517503E-25   3.75681120E-04   7.95413333E-04   3.75681120E-04
         298   2.96999764       4.74284939E-27  -9.32599497E-26   3.83517094E-04   7.71687133E-04   3.83517094E-04
         299   2.97999763       3.89620327E-27  -7.66165192E-26   3.91113368E-04   7.47478509E-04   3.91113368E-04
         300   2.98999763       3.20065598E-27  -6.29425892E-26   3.98465199E-04   7.22802826E-04   3.98465199E-04
         301   2.99999762       2.62924778E-27  -5.17084765E-26   4.05568018E-04   6.97675743E-04   4.05568018E-04
         302   3.00999761       2.15982836E-27  -4.24789641E-26   4.12417372E-04   6.72112277E-04   4.12417372E-04
         303   3.01999760       1.77419825E-27  -3.48964393E-26   4.19008982E-04   6.46128843E-04   4.19008982E-04
         304   3.02999759       1.45740511E-27  -2.86670759E-26   4.25338716E-04   6.19741564E-04   4.25338716E-04
         305   3.03999758       1.19716412E-27  -2.35494501E-26   4.31402645E-04   5.92967146E-04   4.31402645E-04
         306   3.04999757       9.83382333E-28  -1.93452036E-26   4.37196955E-04   5.65822003E-04   4.37196955E-04
         307   3.05999756       8.07767615E-28  -1.58913580E-26   4.42718039E-04   5.38323133E-04   4.42718039E-04
         308   3.06999755       6.63507518E-28  -1.30540086E-26   4.47962433E-04   5.10487938E-04   4.47962433E-04
         309   3.07999754       5.45005193E-28  -1.07231419E-26   4.52926848E-04   4.82333708E-04   4.52926848E-04
         310   3.08999753       4.47662627E-28  -8.80836848E-27   4.57608199E-04   4.53877961E-04   4.57608199E-04
         311   3.09999752       3.67702421E-28  -7.23542760E-27   4.62003576E-04   4.25138714E-04   4.62003576E-04
         312   3.10999751       3.02021349E-28  -5.94330810E-27   4.66110214E-04   3.96133692E-04   4.66110214E-04
         313   3.11999750       2.48070032E-28  -4.88188613E-27   4.69925551E-04   3.66881082E-04   4.69925551E-04
         314   3.12999749       2.03754168E-28  -4.00998220E-27   4.73447202E-04   3.37399193E-04   4.73447202E-04
         315   3.13999748       1.67353297E-28  -3.29376545E-27   4.76672954E-04   3.07706418E-04   4.76672954E-04
         316   3.14999747       1.37454078E-28  -2.70544258E-27   4.79600800E-04   2.77821382E-04   4.79600800E-04
         317   3.15999746       1.12895498E-28  -2.22218111E-27   4.82228905E-04   2.47762684E-04   4.82228905E-04
         318   3.16999745       9.27238069E-29  -1.82522384E-27   4.84555640E-04   2.17549110E-04   4.84555640E-04
         319   3.17999744       7.61555492E-29  -1.49916120E-27   4.86579549E-04   1.87199694E-04   4.86579549E-04
         320   3.18999743       6.25471569E-29  -1.23133464E-27   4.88299353E-04   1.56733324E-04   4.88299353E-04
         321   3.19999743       5.13699683E-29  -1.01134530E-27   4.89713973E-04   1.26168859E-04   4.89713973E-04
         322   3.20999742       4.21897343E-29  -8.30650696E-28   4.90822538E-04   9.55256692E-05   4.90822538E-04
         323   3.21999741       3.46497487E-29  -6.82233527E-28   4.91624407E-04   6.48229179E-05   4.91624407E-04
         324   3.22999740       2.84570052E-29  -5.60329336E-28   4.92118997E-04   3.40794395E-05   4.92118997E-04
         325   3.23999739       2.33708304E-29  -4.60202934E-28   4.92306019E-04   3.31475167E-06   4.92306019E-04
         326   3.24999738       1.91935335E-29  -3.77964594E-28   4.92185412E-04  -2.74519989E-05   4.92185412E-04
         327   3.25999737       1.57627375E-29  -3.10419246E-28   4.91757179E-04  -5.82019857E-05   4.91757179E-04
         328   3.26999736       1.29450659E-29  -2.54942328E-28   4.91021608E-04  -8.89154617E-05   4.91021608E-04
         329   3.27999735       1.06309678E-29  -2.09378004E-28   4.89979167E-04  -1.19573058E-04   4.89979167E-04
         330   3.28999734       8.73046312E-30  -1.71955463E-28   4.88630496E-04  -1.50156353E-04   4.88630496E-04
         331   3.29999733       7.16964737E-30  -1.41220185E-28   4.86976467E-04  -1.80645395E-04   4.86976467E-04
         332   3.30999732       5.88781686E-30  -1.15977431E-28   4.85018099E-04  -2.11021441E-04   4.85018099E-04
         333   3.31999731       4.83511521E-30  -9.52458543E-29   4.82756586E-04  -2.41266011E-04   4.82756586E-04
         334   3.32999730       3.97059347E-30  -7.82194239E-29   4.80193383E-04  -2.71359575E-04   4.80193383E-04
         335   3.33999729       3.26061933E-30  -6.42360951E-29   4.77330061E-04  -3.01283872E-04   4.77330061E-04
         336   3.34999728       2.67757037E-30  -5.27520818E-29   4.74168424E-04  -3.31019604E-04   4.74168424E-04
         337   3.35999727       2.19875993E-30  -4.33207638E-29   4.70710453E-04  -3.60548322E-04   4.70710453E-04
         338   3.36999726       1.80555575E-30  -3.55753055E-29   4.66958300E-04  -3.89852037E-04   4.66958300E-04
         339   3.37999725       1.48265516E-30  -2.92144193E-29   4.62914322E-04  -4.18911921E-04   4.62914322E-04
         340   3.38999724       1.21749063E-30  -2.39906458E-29   4.58581024E-04  -4.47710307E-04   4.58581024E-04
         341   3.39999723       9.99740548E-31  -1.97007497E-29   4.53961140E-04  -4.76228568E-04   4.53961140E-04
         342   3.40999722       8.20928297E-31  -1.61778085E-29   4.49057552E-04  -5.04449010E-04   4.49057552E-04
         343   3.41999722       6.74092361E-31  -1.32847307E-29   4.43873316E-04  -5.32354752E-04   4.43873316E-04
         344   3.42999721       5.53515604E-31  -1.09089261E-29   4.38411662E-04  -5.59927314E-04   4.38411662E-04
         345   3.43999720       4.54502916E-31  -8.95792598E-30   4.32676025E-04  -5.87149640E-04   4.32676025E-04
         346   3.44999719       3.73198415E-31  -7.35578699E-30   4.26669983E-04  -6.14005665E-04   4.26669983E-04
         347   3.45999718       3.06435626E-31  -6.04014099E-30   4.20397293E-04  -6.40477752E-04   4.20397293E-04
         348   3.46999717       2.51614166E-31  -4.95976689E-30   4.13861853E-04  -6.66549138E-04   4.13861853E-04
         349   3.47999716       2.06598586E-31  -4.07259967E-30   4.07067768E-04  -6.92204689E-04   4.07067768E-04
         350   3.48999715       1.69635214E-31  -3.34409448E-30   4.00019286E-04  -7.17427232E-04   4.00019286E-04
         351   3.49999714       1.39283961E-31  -2.74588070E-30   3.92720802E-04  -7.42201752E-04   3.92720802E-04
         352   3.50999713       1.14362235E-31  -2.25466042E-30   3.85176885E-04  -7.66512123E-04   3.85176885E-04
         353   3.51999712       9.38989296E-32  -1.85130072E-30   3.77392251E-04  -7.90343212E-04   3.77392251E-04
         354   3.52999711       7.70965838E-32  -1.52008967E-30   3.69371759E-04  -8.13681050E-04   3.69371759E-04
         355   3.53999710       6.33003590E-32  -1.24812439E-30   3.61120416E-04  -8.36510095E-04   3.61120416E-04
         356   3.54999709       5.19725138E-32  -1.02480905E-30   3.52643372E-04  -8.58816609E-04   3.52643372E-04
         357   3.55999708       4.26714941E-32  -8.41442554E-31   3.43945954E-04  -8.80585983E-04   3.43945954E-04
         358   3.56999707       3.50347099E-32  -6.90879784E-31   3.35033576E-04  -9.01804713E-04   3.35033576E-04
         359   3.57999706       2.87644320E-32  -5.67253278E-31   3.25911795E-04  -9.22460691E-04   3.25911795E-04
         360   3.58999705       2.36161826E-32  -4.65744827E-31   3.16586345E-04  -9.42539598E-04   3.16586345E-04
         361   3.59999704       1.93892151E-32  -3.82397975E-31   3.07063048E-04  -9.62028920E-04   3.07063048E-04
         362   3.60999703       1.59186929E-32  -3.13963891E-31   2.97347840E-04  -9.80917946E-04   2.97347840E-04
         363   3.61999702       1.30692667E-32  -2.57774767E-31   2.87446805E-04  -9.99193522E-04   2.87446805E-04
         364   3.62999701       1.07298030E-32  -2.11639953E-31   2.77366111E-04  -1.01684406E-03   2.77366111E-04
         365   3.63999701       8.80904814E-33  -1.73760693E-31   2.67112075E-04  -1.03386003E-03   2.67112075E-04
         366   3.64999700       7.23207544E-33  -1.42659957E-31   2.56691099E-04  -1.05022942E-03   2.56691099E-04
         367   3.65999699       5.93736356E-33  -1.17124905E-31   2.46109703E-04  -1.06594292E-03   2.46109703E-04
         368   3.66999698       4.87439928E-33  -9.61596991E-32   2.35374493E-04  -1.08098984E-03   2.35374493E-04
         369   3.67999697       4.00170750E-33  -7.89466355E-32   2.24492193E-04  -1.09536084E-03   2.24492193E-04
         370   3.68999696       3.28523451E-33  -6.48143017E-32   2.13469582E-04  -1.10904803E-03   2.13469582E-04
         371   3.69999695       2.69702026E-33  -5.32114143E-32   2.02313560E-04  -1.12204161E-03   2.02313560E-04
         372   3.70999694       2.21410845E-33  -4.36853168E-32   1.91031111E-04  -1.13433448E-03   1.91031111E-04
         373   3.71999693       1.81765057E-33  -3.58643503E-32   1.79629264E-04  -1.14591804E-03   1.79629264E-04
         374   3.72999692       1.49217161E-33  -2.94433505E-32   1.68115163E-04  -1.15678506E-03   1.68115163E-04
         375   3.73999691       1.22496595E-33  -2.41717594E-32   1.56495997E-04  -1.16693007E-03   1.56495997E-04
         376   3.74999690       1.00560208E-33  -1.98438581E-32   1.44779013E-04  -1.17634516E-03   1.44779013E-04
         377   3.75999689       8.25515520E-34  -1.62907383E-32   1.32971560E-04  -1.18502451E-03   1.32971560E-04
         378   3.76999688       6.77674651E-34  -1.33737227E-32   1.21081001E-04  -1.19296426E-03   1.21081001E-04
         379   3.77999687       5.56306559E-34  -1.09789468E-32   1.09114771E-04  -1.20015792E-03   1.09114771E-04
         380   3.78999686       4.56671657E-34  -9.01292881E-33   9.70803521E-05  -1.20660104E-03   9.70803521E-05
         381   3.79999685       3.74878832E-34  -7.39891556E-33   8.49852659E-05  -1.21229107E-03   8.49852659E-05
         382   3.80999684       3.07733493E-34  -6.07389282E-33   7.28370578E-05  -1.21722301E-03   7.28370578E-05
         383   3.81999683       2.52612955E-34  -4.98612451E-33   6.06433314E-05  -1.22139463E-03   6.06433314E-05
         384   3.82999682       2.07364068E-34  -4.09313488E-33   4.84117045E-05  -1.22480257E-03   4.84117045E-05
         385   3.83999681       1.70219158E-34  -3.36005142E-33   3.61498205E-05  -1.22744474E-03   3.61498205E-05
         386   3.84999681       1.39727030E-34  -2.75824460E-33   2.38653447E-05  -1.22932065E-03   2.38653447E-05
         387   3.85999680       1.14696324E-34  -2.26420967E-33   1.15659523E-05  -1.23042776E-03   1.15659523E-05
         388   3.86999679       9.41489873E-35  -1.85864961E-33  -7.40670657E-07  -1.23076630E-03  -7.40670657E-07
         389   3.87999678       7.72820955E-35  -1.52572206E-33  -1.30468316E-05  -1.23033533E-03  -1.30468316E-05
         390   3.88999677       6.34365054E-35  -1.25242100E-33  -2.53448379E-05  -1.22913509E-03  -2.53448379E-05
         391   3.89999676       5.20710994E-35  -1.02806918E-33  -3.76270036E-05  -1.22716743E-03  -3.76270036E-05
         392   3.90999675       4.27416605E-35  -8.43900802E-34  -4.98856571E-05  -1.22443237E-03  -4.98856571E-05
         393   3.91999674       3.50835214E-35  -6.92719693E-34  -6.21131330E-05  -1.22093153E-03  -6.21131330E-05
         394   3.92999673       2.87973243E-35  -5.68618255E-34  -7.43017881E-05  -1.21666852E-03  -7.43017881E-05
         395   3.93999672       2.36373231E-35  -4.66746608E-34  -8.64440080E-05  -1.21164462E-03  -8.64440080E-05
         396   3.94999671       1.94017839E-35  -3.83123387E-34  -9.85321967E-05  -1.20586297E-03  -9.85321967E-05
         397   3.95999670       1.59251030E-35  -3.14480187E-34  -1.10558802E-04  -1.19932869E-03  -1.10558802E-04
         398   3.96999669       1.30713393E-35  -2.58133922E-34  -1.22516314E-04  -1.19204447E-03  -1.22516314E-04
         399   3.97999668       1.07288985E-35  -2.11882007E-34  -1.34397269E-04  -1.18401577E-03  -1.34397269E-04
         400   3.98999667       8.80617819E-36  -1.73916283E-34  -1.46194216E-04  -1.17524667E-03  -1.46194216E-04
         401   3.99999666       7.22798160E-36  -1.42752459E-34  -1.57899805E-04  -1.16574275E-03  -1.57899805E-04
         402   4.00999689       5.93258417E-36  -1.17172095E-34  -1.69506704E-04  -1.15551113E-03  -1.69506704E-04
         403   4.01999712       4.86931746E-36  -9.61749587E-35  -1.81007679E-04  -1.14455796E-03  -1.81007679E-04
         404   4.02999735       3.99658967E-36  -7.89399902E-35  -1.92395542E-04  -1.13288988E-03  -1.92395542E-04
         405   4.03999758       3.28026061E-36  -6.47931912E-35  -2.03663178E-04  -1.12051400E-03  -2.03663178E-04
         406   4.04999781       2.69230644E-36  -5.31813045E-35  -2.14803556E-04  -1.10743789E-03  -2.14803556E-04
         407   4.05999804       2.20972365E-36  -4.36501604E-35  -2.25809708E-04  -1.09366956E-03  -2.25809708E-04
         408   4.06999826       1.81363052E-36  -3.58269642E-35  -2.36674750E-04  -1.07921753E-03  -2.36674750E-04
         409   4.07999849       1.48852811E-36  -2.94056972E-35  -2.47391901E-04  -1.06409087E-03  -2.47391901E-04
         410   4.08999872       1.22169460E-36  -2.41351662E-35  -2.57954438E-04  -1.04829902E-03  -2.57954438E-04
         411   4.09999895       1.00268766E-36  -1.98091762E-35  -2.68355769E-04  -1.03185175E-03  -2.68355769E-04
         412   4.10999918       8.22936087E-37  -1.62584788E-35  -2.78589403E-04  -1.01475941E-03  -2.78589403E-04
         413   4.11999941       6.75404560E-37  -1.33441453E-35  -2.88648938E-04  -9.97032621E-04  -2.88648938E-04
         414   4.12999964       5.54318382E-37  -1.09521398E-35  -2.98528059E-04  -9.78682656E-04  -2.98528059E-04
         415   4.13999987       4.54937802E-37  -8.98885980E-36  -3.08220624E-04  -9.59720870E-04  -3.08220624E-04
         416   4.15000010       3.73372433E-37  -7.37747257E-36  -3.17720580E-04  -9.40159196E-04  -3.17720580E-04
         417   4.16000032       3.06429065E-37  -6.05491515E-36  -3.27021960E-04  -9.20009741E-04  -3.27021960E-04
         418   4.17000055       2.51486775E-37  -4.96942246E-36  -3.36118945E-04  -8.99285136E-04  -3.36118945E-04
         419   4.18000078       2.06394381E-37  -4.07850730E-36  -3.45005887E-04  -8.77998478E-04  -3.45005887E-04
         420   4.19000101       1.69386223E-37  -3.34729514E-36  -3.53677198E-04  -8.56162922E-04  -3.53677198E-04
         421   4.20000124       1.39013135E-37  -2.74716183E-36  -3.62127466E-04  -8.33792205E-04  -3.62127466E-04
         422   4.21000147       1.14085672E-37  -2.25461273E-36  -3.70351423E-04  -8.10900296E-04  -3.70351423E-04
         423   4.22000170       9.36276056E-38  -1.85036400E-36  -3.78343888E-04  -7.87501573E-04  -3.78343888E-04
         424   4.23000193       7.68376902E-38  -1.51858764E-36  -3.86099913E-04  -7.63610587E-04  -3.86099913E-04
         425   4.24000216       6.30582964E-38  -1.24629270E-36  -3.93614609E-04  -7.39242299E-04  -3.93614609E-04
         426   4.25000238       5.17496888E-38  -1.02281658E-36  -4.00883320E-04  -7.14411959E-04  -4.00883320E-04
         427   4.26000261       4.24688863E-38  -8.39407824E-37  -4.07901476E-04  -6.89135049E-04  -4.07901476E-04
         428   4.27000284       3.48523135E-38  -6.88883572E-37  -4.14664682E-04  -6.63427461E-04  -4.14664682E-04
         429   4.28000307       2.86015779E-38  -5.65348462E-37  -4.21168748E-04  -6.37305202E-04  -4.21168748E-04
         430   4.29000330       2.34717773E-38  -4.63963868E-37  -4.27409570E-04  -6.10784686E-04  -4.27409570E-04
         431   4.30000353       1.92619222E-38  -3.80758577E-37  -4.33383277E-04  -5.83882444E-04  -4.33383277E-04
         432   4.31000376       1.58070531E-38  -3.12473235E-37  -4.39086114E-04  -5.56615123E-04  -4.39086114E-04
         433   4.32000399       1.29717891E-38  -2.56432799E-37  -4.44514531E-04  -5.28999954E-04  -4.44514531E-04
         434   4.33000422       1.06450198E-38  -2.10441779E-37  -4.49665124E-04  -5.01054164E-04  -4.49665124E-04
         435   4.34000444       8.73556010E-39  -1.72698265E-37  -4.54534689E-04  -4.72795189E-04  -4.54534689E-04
         436   4.35000467       7.16857351E-39  -1.41723403E-37  -4.59120172E-04  -4.44240635E-04  -4.59120172E-04
         437   4.36000490       5.88264255E-39  -1.16303513E-37  -4.63418692E-04  -4.15408460E-04  -4.63418692E-04
         438   4.37000513       4.82736111E-39  -9.54424945E-38  -4.67427599E-04  -3.86316591E-04  -4.67427599E-04
         439   4.38000536       3.96136566E-39  -7.83228311E-38  -4.71144362E-04  -3.56983277E-04  -4.71144362E-04
         440   4.39000559       3.25070695E-39  -6.42736033E-38  -4.74566652E-04  -3.27426911E-04  -4.74566652E-04
         441   4.40000582       2.66752437E-39  -5.27441904E-38  -4.77692345E-04  -2.97665858E-04  -4.77692345E-04
         442   4.41000605       2.18895432E-39  -4.32826960E-38  -4.80519462E-04  -2.67718744E-04  -4.80519462E-04
         443   4.42000628       1.79623342E-39  -3.55182610E-38  -4.83046257E-04  -2.37604458E-04  -4.83046257E-04
         444   4.43000650       1.47396280E-39  -2.91465260E-38  -4.85271157E-04  -2.07341640E-04  -4.85271157E-04
         445   4.44000673       1.20950695E-39  -2.39177097E-38  -4.87192767E-04  -1.76949252E-04  -4.87192767E-04
         446   4.45000696       9.92493459E-40  -1.96268315E-38  -4.88809892E-04  -1.46446255E-04  -4.88809892E-04
         447   4.46000719       8.14413648E-40  -1.61056585E-38  -4.90121485E-04  -1.15851639E-04  -4.90121485E-04
         448   4.47000742       6.68282040E-40  -1.32161391E-38  -4.91126790E-04  -8.51848308E-05  -4.91126790E-04
         449   4.48000765       5.48368727E-40  -1.08449711E-38  -4.91825107E-04  -5.44646209E-05  -4.91825107E-04
         450   4.49000788       4.49969549E-40  -8.89918132E-39  -4.92216088E-04  -2.37104614E-05  -4.92216088E-04
         451   4.50000811       3.69225330E-40  -7.30246337E-39  -4.92299383E-04   7.05864659E-06  -4.92299383E-04
         452   4.51000834       3.02969136E-40  -5.99220307E-39  -4.92074993E-04   3.78232617E-05  -4.92074993E-04
         453   4.52000856       2.48600157E-40  -4.91701478E-39  -4.91543091E-04   6.85641862E-05  -4.91543091E-04
         454   4.53000879       2.03988419E-40  -4.03472784E-39  -4.90703969E-04   9.92622954E-05  -4.90703969E-04
         455   4.54000902       1.67380898E-40  -3.31074138E-39  -4.89558151E-04   1.29898370E-04  -4.89558151E-04
         456   4.55000925       1.37342664E-40  -2.71665249E-39  -4.88106365E-04   1.60453405E-04  -4.88106365E-04
         457   4.56000948       1.12693824E-40  -2.22915757E-39  -4.86349512E-04   1.90908075E-04  -4.86349512E-04
         458   4.57000971       9.24688831E-41  -1.82913170E-39  -4.84288699E-04   2.21243390E-04  -4.84288699E-04
         459   4.58000994       7.58733054E-41  -1.50088734E-39  -4.81925206E-04   2.51440448E-04  -4.81925206E-04
         460   4.59001017       6.22554869E-41  -1.23153956E-39  -4.79260518E-04   2.81480432E-04  -4.79260518E-04
         461   4.60001040       5.10815329E-41  -1.01052397E-39  -4.76296293E-04   3.11344455E-04  -4.76296293E-04
         462   4.61001062       4.19128371E-41  -8.29167920E-40  -4.73034394E-04   3.41013918E-04  -4.73034394E-04
         463   4.62001085       3.43892656E-41  -6.80355628E-40  -4.69476829E-04   3.70470225E-04  -4.69476829E-04
         464   4.63001108       2.82165459E-41  -5.58245078E-40  -4.65625868E-04   3.99694982E-04  -4.65625868E-04
         465   4.64001131       2.31508519E-41  -4.58049436E-40  -4.61483869E-04   4.28669999E-04  -4.61483869E-04
         466   4.65001154       1.89946007E-41  -3.75835255E-40  -4.57053451E-04   4.57377144E-04  -4.57053451E-04
         467   4.66001177       1.55838402E-41  -3.08373944E-40  -4.52337379E-04   4.85798286E-04  -4.52337379E-04
         468   4.67001200       1.27868485E-41  -2.53017049E-40  -4.47338592E-04   5.13915787E-04  -4.47338592E-04
         469   4.68001223       1.04915216E-41  -2.07598164E-40  -4.42060234E-04   5.41712157E-04  -4.42060234E-04
         470   4.69001245       8.60817647E-42  -1.70334835E-40  -4.36505594E-04   5.69170050E-04  -4.36505594E-04
         471   4.70001268       7.06254426E-42  -1.39757101E-40  -4.30678134E-04   5.96272177E-04  -4.30678134E-04
         472   4.71001291       5.79436915E-42  -1.14668253E-40  -4.24581493E-04   6.23001659E-04  -4.24581493E-04
         473   4.72001314       4.75460569E-42  -9.40831789E-41  -4.18219483E-04   6.49341790E-04  -4.18219483E-04
         474   4.73001337       3.90121492E-42  -7.71947298E-41  -4.11596091E-04   6.75276038E-04  -4.11596091E-04
         475   4.74001360       3.20056569E-42  -6.33372893E-41  -4.04715451E-04   7.00788165E-04  -4.04715451E-04
         476   4.75001383       2.62603332E-42  -5.19657523E-41  -3.97581869E-04   7.25862279E-04  -3.97581869E-04
         477   4.76001406       2.15519704E-42  -4.26359071E-41  -3.90199799E-04   7.50482664E-04  -3.90199799E-04
         478   4.77001429       1.76843866E-42  -3.49848175E-41  -3.82573868E-04   7.74634071E-04  -3.82573868E-04
         479   4.78001451       1.45174521E-42  -2.87070003E-41  -3.74708819E-04   7.98301422E-04  -3.74708819E-04
         480   4.79001474       1.19110369E-42  -2.35586298E-41  -3.66609573E-04   8.21469701E-04  -3.66609573E-04
         481   4.80001497       9.78106328E-43  -1.93309123E-41  -3.58281191E-04   8.44124588E-04  -3.58281191E-04
         482   4.81001520       8.02944020E-43  -1.58640999E-41  -3.49728885E-04   8.66251881E-04  -3.49728885E-04
         483   4.82001543       6.58610278E-43  -1.30222666E-41  -3.40958009E-04   8.87837727E-04  -3.40958009E-04
         484   4.83001566       5.40901207E-43  -1.06863021E-41  -3.31974035E-04   9.08868737E-04  -3.31974035E-04
         485   4.84001589       4.44211613E-43  -8.77212839E-42  -3.22782580E-04   9.29331756E-04  -3.22782580E-04
         486   4.85001612       3.64337601E-43  -7.19987151E-42  -3.13389406E-04   9.49213922E-04  -3.13389406E-04
         487   4.86001635       2.99877871E-43  -5.90787433E-42  -3.03800363E-04   9.68502893E-04  -3.03800363E-04
         488   4.87001657       2.46628530E-43  -4.85269658E-42  -2.94021447E-04   9.87186562E-04  -2.94021447E-04
         489   4.88001680       2.01786979E-43  -3.98389153E-42  -2.84058740E-04   1.00525329E-03  -2.84058740E-04
         490   4.89001703       1.65353219E-43  -3.27063062E-42  -2.73918500E-04   1.02269172E-03  -2.73918500E-04
         491   4.90001726       1.35925951E-43  -2.68488786E-42  -2.63607071E-04   1.03949080E-03  -2.63607071E-04
         492   4.91001749       1.12103877E-43  -2.20424248E-42  -2.53130886E-04   1.05564040E-03  -2.53130886E-04
         493   4.92001772       9.24856986E-44  -1.81047762E-42  -2.42496491E-04   1.07113004E-03  -2.42496491E-04
         494   4.93001795       7.56701171E-44  -1.48817897E-42  -2.31710554E-04   1.08595029E-03  -2.31710554E-04
         495   4.94001818       6.16571324E-44  -1.22053096E-42  -2.20779795E-04   1.10009185E-03  -2.20779795E-04
         496   4.95001841       5.04467447E-44  -1.00192840E-42  -2.09711041E-04   1.11354596E-03  -2.09711041E-04
         497   4.96001863       4.20389539E-44  -8.21160900E-43  -1.98511218E-04   1.12630404E-03  -1.98511218E-04
         498   4.97001886       3.50324616E-44  -6.76827158E-43  -1.87187325E-04   1.13835814E-03  -1.87187325E-04
         499   4.98001909       2.94272678E-44  -5.59118087E-43  -1.75746449E-04   1.14970072E-03  -1.75746449E-04
         500   4.99001932       2.38220739E-44  -4.62428493E-43  -1.64195735E-04   1.16032478E-03  -1.64195735E-04
